chrom	window_start	sites_total	calls_AL101	calls_AL102	calls_AL103	calls_AL114	calls_AL119	calls_AL120	calls_AL121	calls_AL124	calls_AL125	calls_AL127	calls_AL129	calls_AL133	calls_AL134	calls_AL137	calls_AL138	calls_AL141	calls_AL142	calls_AL143	calls_AL146	calls_AL149	calls_AL153	calls_AL155	calls_AL156	calls_AL159	calls_AL160	calls_AL162	calls_AL166	calls_AL170	calls_AL173	calls_AL174	calls_AL175	calls_AL176	calls_AL177	calls_AL178	calls_AL180	calls_AL181	calls_AL182	calls_AL184	calls_AL185	calls_AL187	calls_AL189	calls_AL193	calls_AL196	calls_AL197	calls_AL199	calls_AL200	calls_AL201	calls_AL204	calls_AL207	calls_AL208	calls_AL209	calls_AL210	calls_AL213	calls_AL215	calls_AL216	calls_AL220	calls_AL223	calls_AL231	calls_AL238	calls_AL241	calls_AL242	calls_AL243	calls_AL244	calls_AL246	calls_AL254	calls_AL255	calls_AL256	calls_AL263	calls_AL266	calls_AL269	calls_AL272	calls_AL273	calls_AL274	calls_AL276	calls_AL278	calls_AL279	calls_AL283	calls_AL284	calls_AL288	calls_AL292	calls_AL300	calls_AL303	calls_AL304	calls_AL307	calls_AL309	calls_AL313	calls_AL32	calls_AL35	calls_AL75	calls_AL82	calls_AL86	calls_AL88	calls_AL91	calls_AL92	calls_AL95	calls_AL97	calls_AL99	calls_K1423	calls_K1461	calls_K1542	calls_K1544	calls_K1567	calls_K1579	calls_K1580	calls_K1583	calls_K1603	calls_K1606	calls_K1608	calls_K16100	calls_K1614	calls_K1617	calls_K1618	calls_K1623	calls_K1627	calls_K1632	calls_K1640	calls_K1650	calls_K1660	calls_K1663	calls_K1665	calls_K1669	calls_K1672	calls_K1680	calls_K1684	calls_K1693	calls_K1696	calls_K17007	calls_K17008	calls_K17010	calls_K17013	calls_K17014	calls_K17025	calls_K17028	calls_K17030	calls_K17032	calls_K17033	calls_K17034	calls_K17035	calls_K17037	calls_K17040	calls_K17042	calls_K17044	calls_K17045	calls_K17048	calls_K17052	calls_K17053	calls_K17056	calls_K17062	calls_K17064	calls_K17073	calls_K17077	calls_K17078	calls_K17081	calls_K17083	calls_K17087	calls_K17091	calls_K17094	calls_K17098	calls_K17099	calls_K17101	calls_K17102	calls_K17103	calls_K17104	calls_K17106	calls_K18010	calls_K18017	calls_K18019	calls_K18022	calls_K18034	calls_K18078	calls_K18083	calls_K18084	calls_K18091	calls_K19018	calls_K19019	hets_AL101	hets_AL102	hets_AL103	hets_AL114	hets_AL119	hets_AL120	hets_AL121	hets_AL124	hets_AL125	hets_AL127	hets_AL129	hets_AL133	hets_AL134	hets_AL137	hets_AL138	hets_AL141	hets_AL142	hets_AL143	hets_AL146	hets_AL149	hets_AL153	hets_AL155	hets_AL156	hets_AL159	hets_AL160	hets_AL162	hets_AL166	hets_AL170	hets_AL173	hets_AL174	hets_AL175	hets_AL176	hets_AL177	hets_AL178	hets_AL180	hets_AL181	hets_AL182	hets_AL184	hets_AL185	hets_AL187	hets_AL189	hets_AL193	hets_AL196	hets_AL197	hets_AL199	hets_AL200	hets_AL201	hets_AL204	hets_AL207	hets_AL208	hets_AL209	hets_AL210	hets_AL213	hets_AL215	hets_AL216	hets_AL220	hets_AL223	hets_AL231	hets_AL238	hets_AL241	hets_AL242	hets_AL243	hets_AL244	hets_AL246	hets_AL254	hets_AL255	hets_AL256	hets_AL263	hets_AL266	hets_AL269	hets_AL272	hets_AL273	hets_AL274	hets_AL276	hets_AL278	hets_AL279	hets_AL283	hets_AL284	hets_AL288	hets_AL292	hets_AL300	hets_AL303	hets_AL304	hets_AL307	hets_AL309	hets_AL313	hets_AL32	hets_AL35	hets_AL75	hets_AL82	hets_AL86	hets_AL88	hets_AL91	hets_AL92	hets_AL95	hets_AL97	hets_AL99	hets_K1423	hets_K1461	hets_K1542	hets_K1544	hets_K1567	hets_K1579	hets_K1580	hets_K1583	hets_K1603	hets_K1606	hets_K1608	hets_K16100	hets_K1614	hets_K1617	hets_K1618	hets_K1623	hets_K1627	hets_K1632	hets_K1640	hets_K1650	hets_K1660	hets_K1663	hets_K1665	hets_K1669	hets_K1672	hets_K1680	hets_K1684	hets_K1693	hets_K1696	hets_K17007	hets_K17008	hets_K17010	hets_K17013	hets_K17014	hets_K17025	hets_K17028	hets_K17030	hets_K17032	hets_K17033	hets_K17034	hets_K17035	hets_K17037	hets_K17040	hets_K17042	hets_K17044	hets_K17045	hets_K17048	hets_K17052	hets_K17053	hets_K17056	hets_K17062	hets_K17064	hets_K17073	hets_K17077	hets_K17078	hets_K17081	hets_K17083	hets_K17087	hets_K17091	hets_K17094	hets_K17098	hets_K17099	hets_K17101	hets_K17102	hets_K17103	hets_K17104	hets_K17106	hets_K18010	hets_K18017	hets_K18019	hets_K18022	hets_K18034	hets_K18078	hets_K18083	hets_K18084	hets_K18091	hets_K19018	hets_K19019
NC_063242.1	1	763546	763039	763131	763200	758389	761433	762239	761530	761389	762719	762568	760816	759490	34688	204404	762841	762481	760711	762417	763141	48901	134716	762437	67089	761945	763020	762326	761574	762690	758546	758708	762072	756052	756905	105247	762184	38558	762083	762091	762211	762690	760253	761931	761092	762429	761877	762389	761081	752196	761012	92953	761841	762974	761942	763272	761975	759225	262095	760032	762666	88256	223886	762264	740719	759547	762746	63200	91871	763393	760154	762068	762970	52474	762221	762214	116115	763103	763306	762915	763141	751249	761036	105147	297921	762354	761951	763051	763069	761033	762903	762967	763252	763056	763028	763252	761476	762966	762959	757467	709025	760266	759477	762948	763459	761397	762617	483303	762890	683312	668573	601465	758737	762920	280220	297187	762485	714069	750254	275627	453461	651058	763007	763328	758099	763321	760835	762011	761789	57155	763186	302589	760371	734090	762159	761579	762565	763417	759950	758602	761408	565300	762785	728644	761596	761103	763050	762303	621901	762853	759198	762079	762429	762510	762868	762782	763137	761893	624541	708926	759878	723054	720442	754273	762195	613866	756903	746667	715266	757742	467439	737319	709424	750221	707005	751382	748603	1	0	217	200	0	3	660	1	0	674	439	1	8	97	1	668	2	0	458	0	35	670	0	445	1	0	447	221	431	638	2	199	0	0	5	0	445	660	444	0	209	659	0	1	659	671	561	411	2	44	655	676	441	458	2	635	1	649	223	43	33	658	190	642	667	35	48	680	649	447	220	33	218	216	54	223	1	679	222	0	431	0	0	222	1	1	218	209	0	673	223	674	220	2	2	220	3	2	188	641	622	3	223	641	671	343	681	543	489	460	649	672	155	191	556	4	610	169	326	168	683	222	651	679	209	656	653	36	1	2	633	578	1	214	678	223	641	2	209	420	219	391	445	632	456	661	472	669	635	361	218	659	671	669	1	661	471	561	1	597	574	642	652	472	208	1	2	1	323	0	2	201	178	618	202
NC_063242.1	1000001	819273	818438	818842	818850	814126	816866	817822	816701	816869	817010	816942	816155	815537	60763	253271	817042	818287	816490	817792	818729	75388	182320	817784	103065	817747	817259	817890	817003	818364	812058	815220	817410	796819	813297	139451	817705	64597	817456	817596	818112	817107	815194	817553	817049	818154	817352	817819	816653	811280	816496	116621	817412	818820	817728	818579	817466	810711	303724	815923	816905	110604	259512	817680	798600	815228	818491	76326	119642	819061	815173	817677	818725	77638	817951	818017	129572	817808	818892	817229	818802	804876	816474	143376	344235	818216	817489	818755	818785	817071	818479	818722	818962	818782	818789	818905	816496	818827	818638	812172	758155	815776	813516	818655	818739	816565	818226	535933	817979	736969	725697	650810	813667	818239	315627	337953	817613	771346	805291	318516	498282	706628	817599	818857	813114	819040	815323	817588	817497	79934	818911	348102	814712	789508	817640	816760	816477	818801	815346	812506	816786	611770	818458	784135	817060	816627	818155	817689	683254	818565	814266	816294	818250	818090	818715	818402	818848	817366	683469	763111	815217	774204	773749	809817	817634	661372	813005	803312	765565	811177	528086	791692	763931	804696	762180	806507	803334	85	0	531	247	339	83	351	0	2	528	2	210	0	76	0	555	284	2	0	0	0	559	17	2	0	256	2	528	278	500	85	470	233	18	252	4	0	547	302	259	501	522	251	87	552	214	519	278	83	44	506	529	298	2	82	208	0	506	561	37	94	271	474	496	555	24	53	535	515	2	305	34	293	531	54	561	86	534	527	259	0	13	49	296	311	86	559	517	81	554	535	528	340	86	79	529	4	244	440	536	492	254	560	503	520	168	529	224	223	377	508	552	110	157	523	68	477	160	270	417	276	339	536	531	321	523	514	27	0	4	258	459	82	530	535	532	272	245	516	331	328	504	0	204	0	512	378	277	487	2	524	303	561	212	0	271	164	465	81	467	474	508	514	224	320	237	232	80	155	233	4	495	456	485	473
NC_063242.1	2000001	808490	808050	807952	808029	795751	805993	807032	805913	804920	806765	806857	797105	802867	48326	139970	807469	806375	806668	807183	807845	42017	111006	807351	47573	806932	807881	807349	805951	807437	794708	801641	807063	617449	793939	94383	806472	50947	806727	806751	807142	807524	801050	806654	805928	807257	806620	807268	806095	790837	805832	64465	806529	807991	806964	807727	806808	767791	191909	801298	807546	62960	141115	806922	774413	802916	807749	46835	68951	808319	802338	806335	807883	45362	806608	807220	95065	808132	808077	807829	808100	749633	805434	89925	226182	807108	806187	808028	807975	806051	807722	807867	808043	807948	807698	808058	796600	807777	807861	802526	710765	802151	804044	807928	808363	806298	807515	421587	808082	669647	655936	555190	794955	807726	234084	236086	807320	733287	787802	215863	364801	649628	807974	808244	793029	808268	805652	806575	806384	46303	808117	243415	804175	753324	806905	805890	805341	808322	804290	803007	806020	538446	807544	741821	802717	805670	808237	806747	610937	807768	799352	806627	807148	807168	807798	807656	808164	806422	580577	701329	800991	707648	730271	801451	807033	556600	799677	770961	705759	795645	382275	746919	701104	778895	723635	781354	781406	435	604	606	0	125	201	420	583	0	672	308	495	2	14	0	124	106	23	365	0	23	190	8	360	0	558	102	445	431	603	482	67	508	37	142	6	356	464	470	569	439	144	418	495	517	359	448	425	476	10	142	147	473	80	344	272	23	139	114	15	30	92	80	568	478	5	32	59	573	280	286	3	79	442	39	115	352	684	487	77	355	18	55	77	299	220	481	668	5	474	683	147	206	353	310	445	439	515	249	248	549	415	114	566	636	55	142	79	75	283	573	470	98	58	459	255	476	80	236	207	533	438	135	604	213	585	581	5	289	55	88	480	375	425	606	318	93	520	301	348	216	162	359	77	368	426	285	94	56	261	440	278	475	362	0	95	46	149	418	481	152	576	647	69	209	502	88	375	48	468	86	372	85	432	405
NC_063242.1	3000001	817430	817066	817065	817074	806681	815002	816136	815105	814493	815792	815612	811883	810230	39599	160613	816142	815578	815511	816329	816954	39049	117487	815999	52420	815779	816423	816221	815282	816409	806919	811846	816121	736862	804064	89941	815848	35635	815866	815937	816144	816290	812210	815709	815145	816498	815765	816175	814845	799688	815034	75609	815426	816921	816005	817055	815882	797904	228585	810418	816113	65182	205109	816077	790466	812458	816659	49463	78812	817314	813370	815638	817045	46732	816035	816417	92756	816726	817218	816387	817073	783871	814571	94635	291771	816022	815472	817027	817118	815621	816768	816971	817213	816976	816943	817093	811313	816966	817002	809928	749522	813706	812633	816935	817222	814936	816596	485767	816475	715399	701399	616274	809669	816505	266780	285402	816058	761093	799653	272630	443372	685634	816427	817137	807922	817182	814060	815505	815818	58803	817112	298960	813593	780518	815805	814889	815137	817090	813546	811295	815188	581026	816623	772368	813730	814743	816616	816063	651780	816783	811114	815750	816218	816309	816844	816824	817085	815585	642008	743393	812534	757238	763086	808518	815721	626802	810367	792845	744770	809176	471642	782611	741137	799311	746903	798220	796286	518	127	803	0	273	0	519	124	293	699	673	368	0	0	1	286	1	286	715	0	64	0	10	701	0	790	0	394	656	751	768	1	726	38	632	14	779	699	791	797	495	630	696	772	675	700	513	633	747	14	621	643	701	0	389	617	73	607	0	20	61	254	0	487	708	10	34	760	746	691	713	27	0	785	50	0	400	711	711	0	673	52	174	0	0	0	804	809	632	784	830	756	0	398	439	394	708	736	1	678	375	798	0	769	704	155	288	229	224	466	692	699	154	159	514	319	237	107	327	526	525	248	284	713	3	699	694	36	716	171	253	661	390	779	773	2	274	720	0	422	0	0	705	0	716	801	560	285	703	0	371	786	705	477	0	259	1	0	506	490	0	682	691	203	587	719	1	651	143	680	219	753	0	646	712
NC_063242.1	4000001	828326	827849	827802	827935	822448	825806	827043	825604	825886	825291	824892	825996	824789	62145	252740	824670	827259	825514	826908	827841	73215	170966	826133	98670	826729	825496	827087	825902	827171	821137	824025	826715	813428	822510	135250	826562	67171	826594	826515	827029	825473	823929	826619	825882	827123	826287	826576	825796	817535	825433	111153	826234	827814	826779	827859	826499	821964	292717	823383	824538	106741	257165	826808	807833	823263	827523	76936	109757	828117	824640	826698	827833	67919	827081	827059	122367	826223	828108	825055	827888	816910	825199	135016	336136	827019	826746	827889	827894	825834	827617	827806	828030	827902	827870	828048	826313	827843	827776	819762	772252	824679	822026	827781	826831	825290	827322	543964	826008	745921	728067	649535	821880	826868	289827	324545	826661	779960	814532	311438	500314	714935	826176	827778	821426	828017	824285	826585	826226	79563	827964	352673	823739	799892	826836	825839	825208	827325	823795	816171	826096	621980	827317	797121	826168	825889	826643	826878	680954	827470	822444	824939	827061	827239	827511	827538	827806	826407	685535	778076	824183	782653	783733	818940	826594	670825	822185	811535	773608	820622	530837	798244	765142	814899	768493	814327	810450	519	88	471	0	667	167	472	125	678	505	414	345	0	79	429	676	228	680	729	28	41	0	20	712	433	387	418	512	706	449	646	0	369	30	516	35	160	711	464	472	459	419	702	659	647	716	467	683	639	18	519	535	720	0	165	408	1	506	0	60	106	677	357	0	724	44	34	498	582	712	733	21	0	384	29	0	435	514	731	0	692	45	106	0	0	0	470	421	622	468	492	588	0	435	284	366	728	416	0	495	0	470	0	435	726	373	689	560	516	293	701	424	101	211	473	37	627	147	225	549	481	0	654	723	0	709	700	74	728	231	650	452	417	378	589	484	651	416	0	461	2	0	431	0	728	158	116	688	449	0	442	464	675	0	430	671	0	2	458	627	0	408	597	186	675	502	203	575	338	469	585	636	0	674	524
NC_063242.1	5000001	833683	833012	833171	833251	829647	830643	832371	831146	831845	832062	831774	832489	831842	55490	287900	831464	832917	830329	832246	833254	99584	168129	832668	151980	831905	832059	832307	831043	832403	827945	830222	831717	831712	828665	127608	831910	61706	831994	832088	832345	832015	831417	831943	831380	832588	831783	832148	830764	830276	830981	176059	831584	832937	832213	833094	832077	831587	352994	831228	831396	170882	373310	832321	820059	830760	833012	114595	184148	833286	831173	832316	833069	122775	832751	832504	178544	832803	833394	832155	832967	829474	831277	175711	467515	832307	832306	833273	833283	831449	832842	833268	833396	833217	833128	833355	832580	833109	832932	823838	801047	831261	826546	833109	833044	830327	832767	641046	832617	791048	774857	733007	830666	832372	342780	431319	832331	804690	822468	432102	626680	761336	832507	833082	830643	833413	830090	832170	831489	124716	833365	458686	829330	818751	832310	831449	831679	833041	830330	822659	831753	691042	832857	816237	832331	831724	832906	832487	738497	832780	829349	831162	832590	832763	833097	832826	833136	831673	754631	808275	831296	815035	811354	819712	831920	748591	828679	827177	806279	829085	646975	820065	802445	826875	799928	826363	820989	820	574	79	0	804	80	79	578	830	771	766	0	0	164	611	825	758	812	828	40	4	0	31	816	615	765	591	652	808	75	508	0	738	74	769	35	0	813	79	80	0	763	797	518	329	816	402	804	514	50	770	787	232	0	553	762	2	764	0	62	162	765	695	0	806	36	109	791	480	813	826	21	80	765	57	0	560	81	613	0	802	11	25	0	80	356	78	551	723	80	585	78	0	566	540	0	822	72	0	653	0	77	0	3	812	379	610	524	506	603	793	755	169	314	76	1	556	27	307	695	79	0	804	823	0	799	803	73	830	363	572	495	552	767	482	79	591	65	385	620	0	0	772	0	829	0	2	606	735	395	0	76	823	0	732	599	0	0	470	570	0	762	747	2	782	646	717	713	368	632	744	569	0	782	753
NC_063242.1	6000001	813493	812677	812982	812921	811351	810432	812161	811105	811263	812530	812396	811988	811314	51783	320885	812433	812839	810559	811876	812803	83179	180847	812565	123323	811720	812838	812072	811001	812285	810636	809029	811842	808763	810918	148470	811641	63773	811544	812035	812036	812551	810424	811482	811145	812210	811209	811580	810482	809289	810261	151736	811331	812809	811618	813002	811603	810000	359393	811425	812200	148680	304020	811964	797256	808989	812574	94669	135998	813172	809875	811842	812861	82432	812071	812105	181741	813026	813106	812611	812847	806154	810598	151072	367283	812147	811675	812879	812961	811329	812579	812747	813019	812756	812801	812980	811948	812837	812901	805231	756295	810510	807209	812945	812860	810796	812248	544358	812903	741124	732144	663228	808805	812404	288202	332815	812037	766189	799225	333559	526701	704740	813087	813207	807708	813161	809951	811618	811430	83970	813091	362024	809482	790071	811851	811263	811584	813144	810086	804862	811387	621003	812409	785464	811272	811092	813101	812387	676536	812787	808857	812114	812126	812451	812785	812626	813071	811585	682578	762130	810062	773021	772801	801395	811573	677223	807653	800490	767040	808079	546711	788662	762651	801881	770529	802187	795685	370	531	623	453	716	614	608	493	748	246	245	0	0	181	607	742	625	740	650	31	73	0	40	637	547	242	598	652	628	599	736	441	244	24	651	29	457	241	613	617	446	26	488	745	603	638	644	709	727	20	501	523	620	1	408	24	1	29	1	60	121	630	419	1	642	29	19	667	518	635	481	34	613	465	55	1	534	622	603	1	628	63	206	1	614	458	622	513	401	483	505	480	1	534	453	1	492	561	0	209	8	621	1	411	642	336	609	534	481	156	6	247	72	169	605	4	562	225	302	507	623	0	480	585	3	640	627	34	642	211	574	516	514	241	539	625	586	553	236	430	444	438	241	1	652	0	356	541	632	245	458	612	731	1	639	591	1	4	656	509	2	245	642	0	598	210	589	616	335	207	423	562	2	604	660
NC_063242.1	7000001	806298	805355	805749	805853	800289	803561	804897	803664	804175	804839	804548	804606	803623	52954	238954	804937	805107	802732	804736	805506	78323	155323	805464	110037	804652	805311	804944	803625	805060	798494	802154	804561	798977	798178	114526	804247	54744	804128	804473	804890	804807	802974	804321	803472	804960	804124	804693	803456	799145	803380	131310	804129	805545	804611	805571	804065	801734	328102	803291	804773	135652	279986	805048	784222	801660	805462	87426	121279	805881	801920	804769	805590	78755	804724	804038	146762	805859	805936	805200	805698	800495	803438	124614	344392	805137	804731	805744	805788	803791	805553	805541	805820	805612	805719	805934	804959	805720	805729	798308	742851	802743	799285	805625	805539	803755	805278	531777	805162	728154	710002	640000	799962	805007	284766	314969	805103	757445	789884	311683	491097	692396	805612	805811	799561	806094	803067	804670	804319	82272	805988	337975	802106	777358	804675	803718	804111	805525	802507	797409	803921	597226	805530	770361	803680	803644	805812	804838	660612	805373	800863	804563	804796	804923	805434	805494	805822	804244	668919	746452	801843	762150	762483	794885	804310	647923	798380	789801	754670	798978	515343	777647	745305	791992	750760	792015	785892	493	554	385	623	358	378	479	661	359	346	341	0	1	60	444	355	369	355	485	12	49	0	43	470	386	349	423	720	471	368	559	456	312	17	379	19	650	351	381	384	637	1	325	563	2	478	376	597	555	26	538	557	377	245	494	1	44	1	430	29	80	477	421	0	480	28	19	390	495	469	207	16	379	479	61	210	559	388	440	188	474	43	103	1	382	557	381	546	696	674	562	678	1	559	458	1	328	342	1	511	426	385	281	526	482	216	588	391	315	233	335	348	116	142	380	6	372	117	245	364	388	0	198	384	0	476	475	35	485	151	420	325	553	238	508	386	425	337	335	304	642	575	349	268	488	0	465	384	356	347	654	373	620	276	387	434	196	1	369	338	0	269	697	226	458	532	92	667	191	527	170	402	0	444	549
NC_063242.1	8000001	714837	714112	714302	714333	706991	712340	713411	712565	712032	712921	713521	705460	709772	35818	169899	714175	712967	713128	713338	713991	35329	102190	713547	38942	713455	714384	713660	712336	713854	706424	708546	713341	550623	706151	82692	712889	36798	712928	713236	713677	714149	707896	712876	712316	713559	712670	713540	712334	698499	712052	62905	712829	714219	713329	713816	712907	683471	195392	709725	714099	60694	130190	713172	683574	709274	713981	47152	69295	714592	708262	712832	714178	38415	712826	713116	108944	714675	714589	714348	714348	669014	712037	77320	200206	713209	712660	714264	714340	712937	713976	714138	714483	714300	714273	714531	703026	714207	714227	709764	603687	708420	710033	714144	714669	712362	713852	342462	714255	567695	560684	442731	701725	714056	199935	185510	713923	631369	690489	183928	280994	552596	714569	714481	697791	714375	711667	713063	712700	46545	714456	203383	710677	652550	713065	712539	711652	714580	709965	709830	712337	455747	714001	641399	707604	712094	714655	713288	508936	713849	706553	713514	713639	713513	714218	713996	714349	713137	491397	594201	707977	599586	627664	705942	713108	450105	704446	670344	605326	700943	299777	648533	595257	677562	636854	682133	684546	478	379	687	639	17	685	482	483	17	688	614	1	0	65	464	17	453	16	459	22	46	5	6	686	698	684	444	588	640	651	533	178	624	34	447	1	466	680	676	692	621	0	670	532	0	688	449	98	514	34	369	382	680	701	479	0	82	2	675	32	70	685	304	0	692	18	40	463	511	675	105	34	674	354	34	699	382	697	459	478	677	38	123	1	675	537	684	366	192	92	382	91	0	381	459	0	690	641	2	631	501	534	699	510	688	168	537	474	279	375	652	680	110	135	668	4	399	142	161	456	698	321	98	700	1	680	688	37	697	163	431	544	372	449	537	691	431	623	672	377	653	513	657	655	700	1	394	460	415	684	664	669	109	691	695	452	395	2	428	336	6	674	569	359	631	444	8	523	144	413	76	368	1	618	100
NC_063242.1	9000001	774129	773639	773737	773824	767932	771941	773029	771173	771515	772823	772294	767777	770940	36304	210181	772880	772794	772327	772860	773462	42601	149594	772892	54971	772762	773317	773013	771968	773104	767506	767326	772498	615285	765685	114487	772301	50048	772304	772590	773022	772911	767305	772339	772065	772815	772245	772920	771554	763747	771015	74840	772334	773631	772740	773502	772405	749803	240344	769024	773000	74109	152896	772351	745414	768841	772982	55403	74502	773994	767487	772035	773564	46791	772684	772916	123970	773608	773880	773003	773718	743314	770966	94470	222070	772885	772205	773776	773671	772161	773252	773399	773820	773471	773714	773874	763312	773717	773634	767486	659503	766749	768596	773489	773812	771194	773070	383190	773059	618697	615524	491894	757254	773267	205227	200181	772996	693906	747989	191502	326042	605538	773638	773855	755824	773823	770307	772255	771721	44593	773796	227815	768995	720654	772086	771667	770290	773966	769734	769502	771502	494563	772845	700498	768007	771568	773541	772415	565198	773375	765447	772323	773043	772847	773369	773411	773534	772175	542816	646407	765953	647627	683289	767026	772150	499099	765540	731960	666620	759434	343635	708521	648821	737353	700721	740358	741412	752	737	730	630	598	719	727	722	622	467	437	0	0	112	531	610	585	606	532	17	70	0	17	593	731	468	509	575	554	694	787	353	443	31	574	22	607	540	721	721	630	0	463	786	0	597	584	511	769	40	720	736	721	610	739	0	84	0	664	29	48	593	505	0	607	33	27	709	712	587	566	16	715	612	67	477	668	754	531	372	588	47	139	375	711	524	725	726	602	293	740	297	0	744	645	0	549	671	2	791	651	699	477	663	604	185	751	400	311	233	442	466	137	107	707	1	444	123	235	382	731	732	515	727	0	599	597	25	609	123	565	567	651	508	748	727	515	657	451	304	644	525	461	448	612	0	400	592	529	468	657	705	541	466	629	519	240	0	558	440	1	447	564	231	561	307	1	509	158	306	393	449	1	528	461
NC_063242.1	10000001	765287	764803	764985	764833	759617	762770	764052	762808	762575	764433	763676	751336	761181	41480	217175	764439	763790	763748	763795	764614	38310	142357	764271	49569	763751	764730	764199	763063	764359	759454	757320	764011	488614	758066	115098	763581	49357	763454	763778	764199	764449	757217	763619	763256	763893	763360	764014	762733	748198	762568	71961	763335	764791	763999	763588	763559	720547	223993	760604	764211	66235	138576	763703	733848	759408	764285	50900	74162	765065	758125	763207	764649	45383	763987	764095	137737	764893	764791	764473	764928	704023	762188	97060	212854	763903	763100	764846	764849	763140	764665	764829	765000	764818	764796	765009	743685	764831	764597	758475	633661	757547	760254	764605	765002	762784	764185	360497	764278	596179	587699	460295	745198	764636	198372	178858	764111	671940	737130	184834	287541	588587	764979	764972	743002	764937	761933	763424	763101	43857	764840	216983	760870	701632	763027	762920	760540	764877	760687	760125	762674	480126	764207	681295	758159	762402	764908	763721	542115	764546	754343	764193	764262	764001	764567	764533	764830	763296	516162	622395	755327	618240	668274	758034	763551	466228	756572	718279	644135	749440	308610	686458	627737	720226	682620	725577	728448	815	814	721	5	898	703	841	840	927	92	87	0	0	123	976	908	786	908	972	38	75	4	26	955	722	95	954	825	911	667	639	413	91	1	789	32	95	813	708	718	90	2	573	650	1	715	774	885	635	32	795	815	703	978	805	1	8	1	4	60	106	942	92	0	967	33	4	725	831	938	656	42	701	98	79	253	1	869	979	74	933	53	142	709	699	95	716	795	582	715	812	722	0	820	689	0	800	660	2	785	782	815	102	781	958	340	871	630	590	58	93	96	100	166	692	3	846	44	247	605	720	727	576	715	3	951	938	46	970	199	95	553	1	958	872	724	922	654	95	514	9	5	94	91	980	1	4	801	754	94	5	699	972	94	1	962	57	7	753	589	4	585	826	60	899	1	3	747	292	4	423	795	3	822	811
NC_063242.1	11000001	759883	759444	759444	759428	754485	757547	758635	757499	757591	759279	758529	741740	756767	43304	229286	759360	758673	758348	758522	759211	40393	156759	758688	50886	758481	759633	758705	757544	759025	752429	752895	758706	507027	752660	134154	758128	58621	757985	758245	758818	759272	751765	757946	757567	758692	757854	758801	757603	750633	756931	73418	758047	759301	758529	757138	758297	716095	243862	755846	759175	71453	154737	758153	727825	753762	759114	51745	70913	759293	753193	757604	759353	44312	758525	758592	144821	759716	759571	759590	759612	692492	756958	106258	216016	758490	757691	759492	759468	757784	759086	759451	759603	759392	759424	759434	736661	759403	759284	754715	644851	753459	755811	759230	759671	757766	758842	358379	759432	600852	597986	471280	744458	759243	216521	191286	758820	672164	735654	188167	294613	586195	759630	759517	738424	759537	756652	757820	757493	45494	759526	216009	755452	703246	757891	757281	755530	759638	754638	755056	756990	479293	758600	681643	753343	757438	759701	757991	544858	759094	750377	758747	758614	758624	758985	759129	759377	757962	524675	627046	751382	632095	668475	749731	758625	477974	752013	714404	635294	744390	316960	689202	629893	719809	690460	728058	732768	747	774	716	247	713	713	713	708	732	662	578	0	0	74	758	724	342	719	758	26	76	4	24	814	718	684	728	734	789	655	713	326	644	70	44	23	709	728	704	713	661	1	805	712	1	708	45	780	688	47	752	774	702	839	743	0	130	1	250	26	87	810	599	0	836	37	44	720	570	812	722	38	695	700	96	843	0	731	755	502	803	60	142	708	689	695	715	742	838	761	775	761	0	775	650	0	725	669	1	687	706	770	674	720	822	218	603	550	463	347	634	655	154	136	698	15	570	138	166	517	717	719	644	708	7	809	617	30	832	181	656	546	6	807	594	719	613	662	641	408	707	206	641	634	840	0	159	341	580	668	246	683	831	658	1	624	361	192	43	279	197	328	50	351	575	4	3	645	258	1	532	510	0	698	708
NC_063242.1	12000001	816556	816044	815999	815994	810604	814135	815283	814369	814418	814755	813913	813412	813680	58496	278511	814597	815583	813995	815142	815983	76851	177469	814919	102580	814784	814626	815370	814411	815544	806253	811458	815130	781842	809303	145323	814804	64019	814550	815036	815335	814761	812426	814768	814399	815359	814589	815076	813817	807637	813568	128989	814379	816014	815090	816143	814860	806748	323730	812324	814295	125317	249527	815043	795334	811738	815731	90945	117410	816255	811178	814519	815852	79374	815219	815119	157876	815786	816150	814623	816033	800705	813575	138918	333595	815425	814710	816078	816066	814323	815694	816101	816207	815996	815898	816236	813434	815863	815691	808870	753767	812857	810946	815854	815696	813681	815523	515517	814931	728001	709674	626632	810214	815026	275141	304970	814997	762358	799873	296242	473677	698871	815335	815973	808812	816264	812748	814984	814292	78232	816214	322623	811757	784641	814742	814432	813079	815525	812203	808124	814209	595613	815390	776802	813953	814165	815978	815029	663225	815856	809770	813947	815384	815282	815770	815878	815997	814543	666120	752724	812389	763862	767233	806014	814093	641155	810126	797598	758583	809574	500232	786538	751922	800164	756075	801068	798394	636	568	759	340	682	753	468	478	711	757	745	0	1	136	698	702	670	699	699	28	77	0	34	682	765	760	671	482	651	731	562	529	815	69	15	37	687	475	741	758	675	84	848	563	0	746	15	592	551	71	558	572	752	694	625	0	177	1	354	59	120	670	610	0	690	23	66	765	603	659	561	34	736	724	52	696	1	485	695	613	630	56	189	749	740	840	763	561	729	701	571	706	0	572	377	0	729	703	0	549	377	394	772	381	686	362	623	566	512	495	839	744	99	184	742	3	683	191	278	493	763	766	541	761	54	671	758	43	692	210	683	635	1	682	618	765	756	685	735	387	679	279	749	716	693	0	219	85	721	751	344	733	617	762	0	767	507	273	14	65	280	83	17	498	725	2	320	447	319	0	551	696	3	637	558
NC_063242.1	13000001	819266	818640	818739	818700	812632	816736	817831	816513	816935	817632	817184	816757	815908	50098	248026	817699	818143	816171	817672	818758	72675	163453	817751	101037	817612	817889	817759	816932	818175	809693	814310	817691	810170	813102	127664	817415	54437	817457	817569	817773	817378	815874	817517	816666	818086	817229	817794	816142	811273	816389	127167	817075	818569	817520	818838	817608	813436	300430	815481	817198	125182	268967	817834	798600	814298	818469	87238	112941	818977	816030	817543	818785	74821	818191	817892	143763	818293	818716	817440	818823	807854	816361	133799	338453	818103	817759	818613	818817	816889	818457	818630	818828	818636	818609	818919	817094	818629	818503	811242	765109	816583	813073	818744	818797	816771	818294	543123	818277	748012	735517	657997	814620	818199	290413	323014	818137	773260	807563	317119	511361	715785	818121	818798	814209	818917	815816	817612	817486	82370	818985	351948	815360	795707	817519	816813	817607	818954	816248	810906	817025	621131	818382	787051	817051	817187	818253	818035	686078	818288	814382	817075	817866	818018	818707	818448	818860	817538	690833	765962	815689	780402	779635	807550	817725	675509	813773	805296	773063	813615	542225	793897	764729	807483	769471	808558	803775	643	647	828	3	356	820	806	804	796	662	647	0	0	151	474	370	859	366	471	16	92	1	22	784	835	819	454	706	762	807	766	750	796	79	854	38	647	697	821	829	649	809	828	778	1	811	837	765	757	58	621	643	817	807	627	0	182	2	4	55	146	784	580	0	782	5	56	833	584	783	803	0	788	396	13	810	0	833	472	725	640	61	219	790	830	772	826	628	843	825	645	822	0	648	4	0	765	754	0	639	199	206	670	203	798	257	598	647	620	444	822	644	54	233	807	2	824	186	294	609	833	831	782	832	809	788	447	46	806	271	804	738	1	785	602	827	449	730	636	416	788	3	650	621	811	0	2	2	439	655	4	789	800	653	1	460	502	3	851	2	3	3	848	593	443	3	678	664	445	2	755	435	1	751	719
NC_063242.1	14000001	817720	817158	817178	816975	814620	815056	816347	815396	815692	816132	816161	816667	815018	51503	272471	815872	816895	813928	816158	817151	85446	173682	816389	134073	816030	816496	816570	815493	816572	814187	815204	815887	814583	813411	130011	815808	60448	815926	816044	816457	816087	815011	816055	815408	816589	815634	816439	814635	813069	814934	151775	815628	817068	816157	816791	816073	814980	345449	814707	815813	144409	325934	816280	802850	813658	816993	98089	139167	817301	814239	816561	817065	88565	816541	816300	153411	816919	817217	815997	817176	813610	815010	148085	407881	816415	816244	817151	817109	815348	816864	816939	817254	817013	817017	817398	816879	817133	817043	809086	777548	815365	811135	817164	816702	814857	816721	598057	816333	766182	753583	692875	814806	816377	285259	371665	815935	782446	807795	375975	572484	732838	816866	817145	814279	817454	814112	816053	815794	100502	817480	405989	814343	801315	816201	815397	814957	816994	814970	806471	815696	655038	816963	796810	816284	815601	816905	816481	710237	816840	813717	815591	816346	816623	816996	816896	817211	816158	719863	783698	815224	794159	789838	803647	816248	710663	812992	808813	785813	813406	595712	802584	782012	811104	779332	809595	805303	205	761	773	492	214	762	601	607	237	751	745	3	0	40	919	222	226	219	920	53	70	3	61	743	779	754	890	804	741	741	236	554	742	64	877	13	754	788	765	772	753	748	736	236	6	768	868	552	234	65	685	697	765	760	203	0	180	4	494	0	172	748	671	5	746	44	71	776	2	747	565	36	753	2	79	767	4	623	913	568	719	72	257	756	752	480	776	674	297	566	697	589	0	699	499	0	482	712	5	738	703	762	758	722	757	2	2	663	606	568	736	733	165	269	760	1	526	257	4	615	774	488	551	777	719	745	2	2	760	301	537	697	3	747	2	775	2	679	717	542	749	460	748	723	762	5	371	0	19	738	493	738	572	745	6	0	586	435	879	2	456	0	863	600	0	1	214	772	466	0	215	1	4	709	512
NC_063242.1	15000001	815244	814856	814921	814923	808512	812719	814192	813130	812716	814287	814152	811488	811085	30915	172919	814520	813756	813127	813938	814724	37279	111576	814486	57727	814070	814820	814021	813284	814416	807536	809250	814038	794387	807647	81184	813736	30683	813684	813736	814186	814554	811224	813487	813313	814239	813293	813892	813019	807634	812620	79846	813395	814747	813983	814919	813798	805316	239860	810426	814494	77066	207145	813668	790726	810282	814434	51536	82399	815141	812019	813621	814728	46300	814082	814114	109484	815119	815110	814923	814919	796167	812671	92538	278014	813916	813476	814957	814905	813232	814862	814797	814995	814863	814749	815075	812132	814811	814933	808358	749097	811715	810587	814561	814901	813235	814232	487707	814847	719444	713566	624356	809160	814514	270317	279082	814355	759278	798874	269023	458604	689589	814972	814953	806893	814932	812220	813740	813458	56473	814901	292909	811667	784520	813746	813483	813454	815015	811660	808686	812743	590108	814240	778225	812960	812580	815133	813861	656335	814516	809691	813917	814102	814269	814632	814618	814698	813647	660883	753610	811266	764463	763678	804879	813652	635060	808892	794508	757214	807339	482423	781501	746072	801949	754686	799798	795047	170	517	506	690	305	534	342	337	525	482	291	0	0	40	602	313	445	307	442	18	35	183	11	508	552	370	423	435	671	672	334	178	485	27	500	6	596	592	363	373	558	532	505	482	147	360	496	195	501	20	511	698	362	549	121	0	95	187	670	0	132	506	523	0	459	17	27	373	153	502	145	20	520	150	35	527	0	346	438	1	288	21	68	661	667	0	371	506	339	522	685	340	0	686	666	0	0	341	1	426	654	680	495	507	669	112	182	568	381	380	507	297	101	241	364	151	172	97	0	533	373	176	151	544	642	624	137	0	524	150	1	330	185	512	175	542	176	442	464	321	669	633	296	281	527	0	364	173	331	442	641	508	163	301	187	0	220	597	630	174	587	123	636	252	0	291	435	411	345	258	432	171	178	490	1
NC_063242.1	16000001	808388	807754	807775	807740	803061	805521	806940	805776	806032	807200	806711	805574	806025	50705	285308	806935	807333	805857	806926	807714	87248	169534	807425	118715	806557	807448	807042	806000	807225	798988	804011	806709	798107	801962	142317	806219	60487	806469	806653	806977	807343	804892	806416	805907	806967	806203	806628	805236	802824	805611	136875	806139	807655	806690	807870	806549	802554	331694	805403	806843	134902	296491	806941	790968	804536	807570	96308	136008	807988	805250	806882	807674	85613	807289	807121	166477	807824	807954	806841	807775	796393	805568	149998	370007	806914	806808	807822	807690	806112	807585	807712	808003	807672	807690	807999	806341	807758	807673	798788	758819	804634	801784	807797	807490	805866	807314	550287	807542	734804	728606	663856	803322	806857	294843	351821	806671	764113	795052	340074	523951	707648	807312	807639	803439	808065	804302	806638	806601	95809	808044	366281	804329	785116	807044	806215	805108	807465	805087	800210	805944	615689	807632	777267	806381	806004	807892	806992	680945	807343	803713	806484	807092	807168	807691	807497	807912	806345	691163	761455	804546	772481	767216	797127	806258	676875	801947	793906	764974	802664	547248	785903	755844	796895	760394	796822	791707	5	297	270	58	291	265	282	298	295	541	523	0	0	69	572	300	288	295	569	30	3	0	3	59	266	267	554	568	58	58	295	2	59	31	337	17	562	567	262	269	544	259	58	294	0	267	328	2	290	34	57	60	264	60	5	0	104	0	59	0	13	61	493	0	541	3	34	268	0	59	1	2	58	0	7	61	0	301	564	2	524	33	99	59	59	5	268	59	297	61	62	298	0	62	58	0	5	239	0	553	54	61	545	57	59	4	0	44	43	395	59	533	18	12	259	4	2	205	0	42	270	0	1	264	57	60	0	0	61	21	2	235	0	61	0	298	0	237	546	381	58	58	536	522	61	0	44	1	279	540	60	58	2	537	0	0	399	52	326	1	50	1	327	216	0	255	270	538	30	246	268	0	0	59	2
NC_063242.1	17000001	799616	799095	799254	799180	795589	797398	798440	797196	797306	798450	797841	797567	795241	53868	252503	797603	798690	797261	798423	799062	72756	156018	798167	99980	798134	798349	798353	797461	798639	792140	795003	798050	793090	794395	125488	798097	56524	797932	797915	798460	797813	796351	797840	797532	798510	797917	798136	796984	791285	796833	118986	797560	799070	798038	798918	798044	794324	311304	795987	797839	120335	248576	798275	775328	795384	798749	76651	105546	799338	793793	798077	799025	68736	798373	798315	139447	798885	799312	798120	799154	784062	796692	122477	321616	798348	797870	799218	799102	797487	799037	799120	799163	799090	799138	799347	798095	799143	799091	792547	736658	796253	793806	798834	799262	797170	798641	505897	798439	714781	700231	628675	794344	798761	272905	305147	798456	751039	785880	295325	468659	678025	798848	799093	792405	799322	796054	797966	797522	72725	799244	316513	795715	769591	798181	797443	796926	798905	796086	791292	797516	588930	798589	764027	797061	797065	798873	798304	658896	798857	794065	797404	798607	798580	798964	798907	799148	797967	651603	741326	795749	748074	753836	789450	797914	634960	793337	784313	747481	793006	498911	766722	734801	785995	742805	785995	780302	5	57	51	42	44	54	45	45	50	276	261	0	0	5	268	46	40	46	267	21	4	4	3	37	53	48	254	261	42	41	45	13	34	5	257	1	262	267	49	50	251	51	36	46	10	47	260	3	48	4	38	41	50	38	2	0	57	4	41	0	9	37	238	0	270	4	6	50	4	36	4	3	34	2	7	37	0	47	265	0	258	5	14	39	40	2	50	39	45	37	40	45	0	40	47	0	2	45	2	249	40	39	275	34	40	6	2	41	27	180	36	265	8	16	48	1	5	80	1	39	50	6	8	56	40	43	5	0	36	12	0	44	4	37	4	51	9	47	260	184	43	38	266	249	36	0	31	1	43	269	38	36	3	266	2	0	182	39	260	3	38	7	264	40	0	50	41	253	22	52	36	3	5	36	0
NC_063242.1	18000001	833520	832954	833084	833055	831526	831136	832316	831001	831756	832457	832440	832794	831165	58358	290849	832244	832724	829800	832212	832983	106304	188731	832601	156256	831837	832333	832294	831212	832435	830644	831055	831710	832303	830776	136787	831844	63017	831897	831708	832278	832229	831354	831835	831241	832361	831725	832087	830437	826399	830981	183390	831675	832959	832030	832115	832042	831541	369322	830928	832034	177841	352078	832109	816243	829619	832792	114541	159298	833053	828680	832316	833005	116139	832322	832408	178517	832904	833147	832417	832992	830629	830923	176031	420970	832477	832155	833164	833113	831301	833080	832993	833232	833075	832987	833213	832893	833018	832964	823629	788526	830906	825858	833038	833057	830859	832517	604516	832487	773992	757990	697137	830046	832408	272959	390324	832380	796900	822887	390273	578924	742632	832744	833232	829330	833324	830000	831978	831742	123460	833153	426229	829751	813515	832171	831334	831368	832941	830823	820305	831468	659677	832819	809798	831861	831427	832940	832346	719839	832846	829256	831625	832350	832542	832862	832724	833161	831910	725571	794024	830836	803328	800945	820858	831752	715115	828642	822509	797134	828909	605160	813892	792238	824855	788678	824392	818846	1	58	66	34	58	64	54	53	61	199	198	0	0	11	203	57	59	57	202	17	2	0	3	33	66	65	194	196	32	32	55	3	32	3	191	2	198	193	66	66	198	63	31	58	0	65	187	4	60	9	28	30	66	33	1	0	57	0	31	0	10	32	178	0	196	3	7	64	2	33	2	0	32	0	2	33	0	59	199	2	189	6	20	33	33	3	65	32	59	31	30	58	0	30	31	0	2	57	2	194	32	34	199	31	36	3	1	25	24	149	31	196	5	10	65	2	2	73	0	24	66	0	2	66	30	32	0	4	33	16	1	60	0	33	1	58	0	53	193	148	32	26	197	188	33	0	25	0	55	194	30	33	2	197	0	0	152	25	191	0	28	0	191	55	0	60	49	178	17	57	48	0	0	30	2
NC_063242.1	19000001	833423	832863	832940	832877	830711	830538	832199	830966	831538	831677	831706	832553	831512	52614	316083	831033	832604	829540	832113	832903	108382	188014	832114	147258	831809	831850	832034	831013	832307	829210	831149	831325	832546	830010	144133	831574	64177	831928	831634	832152	831741	831005	831678	831196	832253	831387	832047	830648	828569	830698	172509	831427	832746	831858	832278	831869	831839	391883	831504	831451	161405	362657	832086	817024	830119	832753	106535	161864	832993	829347	832267	832894	109400	832449	832222	175721	832371	833042	831739	832698	830342	830904	164563	438183	832163	831915	832858	832975	830827	832847	832832	833097	832857	832862	833190	832921	833012	832824	824343	799652	831115	826343	832952	832952	830933	832360	613040	832061	781978	771259	718763	830521	832334	308104	396325	832177	803711	823862	402439	592103	752744	832190	832930	829737	833174	829608	831766	831368	108596	833113	423632	830129	814827	832051	831298	830969	832771	830173	821767	831542	674379	832344	812617	832178	831301	832246	832441	733049	832665	828469	831423	832376	832480	832692	832697	833013	831657	737385	804249	830501	813425	807283	817898	831794	736024	828219	825592	805501	829105	621921	818346	799673	826379	794722	826073	820394	1	248	418	432	243	417	239	241	246	225	221	0	0	52	466	253	237	250	479	37	66	0	35	433	422	413	466	467	431	421	242	3	427	45	419	11	467	459	415	423	470	415	431	248	0	415	418	3	246	55	434	441	415	439	1	0	58	0	436	2	113	431	418	0	224	36	51	423	0	431	2	41	428	0	72	440	0	244	471	2	216	45	172	437	436	1	421	416	246	437	439	248	0	440	437	0	1	385	0	458	399	435	224	410	437	5	0	391	353	179	434	221	109	146	409	0	6	94	0	368	421	0	1	420	406	426	1	0	439	172	2	391	0	431	0	248	0	339	452	164	428	414	225	205	438	0	348	0	237	222	432	430	2	222	0	0	182	400	422	0	408	0	416	349	0	413	227	445	284	392	218	1	0	420	2
NC_063242.1	20000001	841141	840579	840603	840559	838011	838418	839897	838536	839260	840158	839450	839995	838490	50312	282415	839338	840284	837432	839679	840576	91573	166167	840156	133709	839375	839796	839836	838846	840019	834891	837991	839580	838818	836521	124533	839311	51362	839235	839367	839578	839555	838838	839215	838836	839827	839041	839704	838410	837454	838427	168441	838899	840354	839500	840537	839486	838567	335001	838268	839277	152443	359773	839773	828351	837360	840302	103400	159560	840722	838140	839869	840606	106341	839930	840015	161373	840430	840810	840046	840566	835386	838451	159951	443805	839761	839691	840654	840551	838348	840373	840405	840708	840595	840392	840768	840065	840365	840535	832474	805990	838966	834542	840594	840608	838466	840152	628500	840078	794934	780239	735082	838644	839903	341757	411849	839881	811103	830245	414327	612785	764683	840512	840809	837901	840854	837594	839599	839413	107287	840806	440301	837487	827315	839761	838746	839958	840409	837836	831844	839176	685087	840325	823433	839795	838541	840515	839919	738893	840446	837047	839177	839920	840022	840478	840186	840711	839268	752867	810963	838110	823683	816622	829492	839472	749932	835916	833339	812909	836553	642034	826757	809624	834536	801898	833827	826976	1	168	213	86	365	210	164	162	385	129	126	148	0	73	430	387	371	375	473	34	40	152	6	420	215	63	456	174	409	411	376	362	406	3	322	16	171	171	208	424	171	208	412	381	0	209	311	363	368	13	51	53	214	430	1	0	29	0	51	0	82	418	158	146	125	36	20	62	1	415	380	6	423	0	55	433	0	168	471	348	128	5	23	421	419	379	213	53	385	52	53	166	0	52	53	0	379	60	0	173	398	422	129	410	422	0	2	362	323	105	425	127	76	142	207	0	346	51	1	345	63	0	373	64	410	387	0	0	423	155	354	200	0	414	1	392	302	56	454	198	418	184	129	125	433	146	42	1	330	126	51	423	376	127	0	0	113	175	317	1	174	1	310	173	0	205	359	168	215	200	336	0	126	414	340
NC_063242.1	21000001	711626	711077	711234	711246	699615	709317	710499	709222	709205	709606	710257	706677	706969	27202	119419	711051	709460	709465	710492	711090	30610	77127	710901	41227	710157	711188	710690	709382	710618	699638	706422	710254	679864	697860	60167	710152	26494	710093	710075	710380	710902	707079	710015	709086	710566	710051	710496	709152	697710	709287	62254	709676	711086	709551	711129	709717	702853	191029	705969	710938	50803	160016	710360	685570	707030	710820	40876	57544	711482	706429	709840	711015	34516	710298	710282	80086	711346	711406	711155	711165	686597	708778	72356	214800	710606	709806	711211	711202	709599	711036	710975	711298	711105	711253	711398	706624	711062	711102	706480	634250	707342	707525	711116	711293	709681	710679	388818	711108	604391	590424	511819	703166	710992	225820	230860	710474	648542	696445	206808	343523	581830	711223	711461	700937	711438	708983	710028	709853	46249	711318	232461	708038	666913	710028	709418	708319	711413	707437	707937	709564	487958	710683	662871	707853	709191	711358	710113	543287	710939	705048	710495	710382	710465	710991	710894	711194	709635	535431	628538	705805	641249	650846	703228	710214	510738	704730	686821	635975	702440	364768	669344	630166	690306	643005	693511	690834	0	561	562	495	186	559	534	539	549	0	0	530	4	37	180	191	551	189	177	7	9	560	0	174	565	0	174	0	166	164	546	469	513	0	548	7	0	0	555	568	0	548	547	562	0	547	543	508	547	21	0	0	544	181	0	0	0	0	0	0	57	553	0	522	0	13	30	0	0	561	182	0	556	0	15	181	0	564	181	475	0	0	0	563	176	181	560	0	557	0	0	564	0	0	2	0	180	0	2	1	169	568	4	171	566	3	4	441	376	1	172	0	5	146	536	6	509	5	0	157	0	2	176	0	173	548	0	0	570	79	527	440	0	549	3	184	547	0	166	319	558	491	0	0	181	541	3	0	524	0	0	559	177	0	0	0	0	447	537	0	476	0	545	361	0	515	448	0	233	485	448	2	419	170	157
NC_063242.1	22000001	3704	3693	3701	3700	3671	3690	3701	3667	3691	3701	3699	3694	3689	299	2608	3696	3700	3691	3684	3692	508	1071	3703	805	3699	3699	3696	3684	3695	3659	3699	3690	3700	3544	1620	3695	450	3690	3687	3697	3700	3686	3692	3663	3676	3676	3694	3678	3690	3692	548	3687	3698	3668	3676	3691	3694	2820	3698	3693	426	1649	3702	3649	3687	3703	549	1011	3694	3680	3697	3695	302	3690	3685	551	3703	3703	3702	3694	3696	3680	1467	1568	3702	3682	3695	3703	3688	3697	3682	3698	3704	3702	3702	3676	3702	3696	3699	3534	3654	3700	3699	3704	3666	3687	2693	3701	3331	3162	2692	3691	3691	1914	1620	3702	3480	3595	1459	2281	3091	3704	3704	3688	3704	3678	3701	3679	407	3702	1343	3675	3600	3678	3686	3681	3702	3661	3683	3688	2477	3699	3497	3680	3672	3702	3692	2821	3698	3649	3699	3691	3702	3696	3693	3702	3694	3561	3458	3701	3542	3375	3679	3697	3016	3689	3662	3628	3699	2700	3657	3406	3675	3533	3697	3597	0	5	5	5	0	5	5	5	5	0	0	5	1	3	0	0	5	0	0	0	0	5	0	0	5	0	0	0	0	0	4	5	4	0	5	1	0	0	5	5	0	5	4	5	0	5	5	4	5	0	0	0	4	0	0	0	0	0	0	0	1	5	0	5	0	0	1	0	0	5	0	0	5	0	0	0	0	5	0	5	0	0	0	5	0	0	5	0	5	0	0	5	0	0	0	0	0	0	0	0	0	4	0	0	4	0	0	4	4	0	0	0	0	3	5	0	5	0	0	0	0	0	0	0	0	5	0	0	5	0	3	5	0	5	0	0	5	0	0	3	4	4	0	0	0	5	0	0	4	0	0	5	0	0	0	0	0	5	5	0	3	0	5	3	0	5	5	0	2	4	5	0	5	0	0
