chrom	window_start	sites_total	calls_AL101	calls_AL102	calls_AL103	calls_AL114	calls_AL119	calls_AL120	calls_AL121	calls_AL124	calls_AL125	calls_AL127	calls_AL129	calls_AL133	calls_AL134	calls_AL137	calls_AL138	calls_AL141	calls_AL142	calls_AL143	calls_AL146	calls_AL149	calls_AL153	calls_AL155	calls_AL156	calls_AL159	calls_AL160	calls_AL162	calls_AL166	calls_AL170	calls_AL173	calls_AL174	calls_AL175	calls_AL176	calls_AL177	calls_AL178	calls_AL180	calls_AL181	calls_AL182	calls_AL184	calls_AL185	calls_AL187	calls_AL189	calls_AL193	calls_AL196	calls_AL197	calls_AL199	calls_AL200	calls_AL201	calls_AL204	calls_AL207	calls_AL208	calls_AL209	calls_AL210	calls_AL213	calls_AL215	calls_AL216	calls_AL220	calls_AL223	calls_AL231	calls_AL238	calls_AL241	calls_AL242	calls_AL243	calls_AL244	calls_AL246	calls_AL254	calls_AL255	calls_AL256	calls_AL263	calls_AL266	calls_AL269	calls_AL272	calls_AL273	calls_AL274	calls_AL276	calls_AL278	calls_AL279	calls_AL283	calls_AL284	calls_AL288	calls_AL292	calls_AL300	calls_AL303	calls_AL304	calls_AL307	calls_AL309	calls_AL313	calls_AL32	calls_AL35	calls_AL75	calls_AL82	calls_AL86	calls_AL88	calls_AL91	calls_AL92	calls_AL95	calls_AL97	calls_AL99	calls_K1423	calls_K1461	calls_K1542	calls_K1544	calls_K1567	calls_K1579	calls_K1580	calls_K1583	calls_K1603	calls_K1606	calls_K1608	calls_K16100	calls_K1614	calls_K1617	calls_K1618	calls_K1623	calls_K1627	calls_K1632	calls_K1640	calls_K1650	calls_K1660	calls_K1663	calls_K1665	calls_K1669	calls_K1672	calls_K1680	calls_K1684	calls_K1693	calls_K1696	calls_K17007	calls_K17008	calls_K17010	calls_K17013	calls_K17014	calls_K17025	calls_K17028	calls_K17030	calls_K17032	calls_K17033	calls_K17034	calls_K17035	calls_K17037	calls_K17040	calls_K17042	calls_K17044	calls_K17045	calls_K17048	calls_K17052	calls_K17053	calls_K17056	calls_K17062	calls_K17064	calls_K17073	calls_K17077	calls_K17078	calls_K17081	calls_K17083	calls_K17087	calls_K17091	calls_K17094	calls_K17098	calls_K17099	calls_K17101	calls_K17102	calls_K17103	calls_K17104	calls_K17106	calls_K18010	calls_K18017	calls_K18019	calls_K18022	calls_K18034	calls_K18078	calls_K18083	calls_K18084	calls_K18091	calls_K19018	calls_K19019	hets_AL101	hets_AL102	hets_AL103	hets_AL114	hets_AL119	hets_AL120	hets_AL121	hets_AL124	hets_AL125	hets_AL127	hets_AL129	hets_AL133	hets_AL134	hets_AL137	hets_AL138	hets_AL141	hets_AL142	hets_AL143	hets_AL146	hets_AL149	hets_AL153	hets_AL155	hets_AL156	hets_AL159	hets_AL160	hets_AL162	hets_AL166	hets_AL170	hets_AL173	hets_AL174	hets_AL175	hets_AL176	hets_AL177	hets_AL178	hets_AL180	hets_AL181	hets_AL182	hets_AL184	hets_AL185	hets_AL187	hets_AL189	hets_AL193	hets_AL196	hets_AL197	hets_AL199	hets_AL200	hets_AL201	hets_AL204	hets_AL207	hets_AL208	hets_AL209	hets_AL210	hets_AL213	hets_AL215	hets_AL216	hets_AL220	hets_AL223	hets_AL231	hets_AL238	hets_AL241	hets_AL242	hets_AL243	hets_AL244	hets_AL246	hets_AL254	hets_AL255	hets_AL256	hets_AL263	hets_AL266	hets_AL269	hets_AL272	hets_AL273	hets_AL274	hets_AL276	hets_AL278	hets_AL279	hets_AL283	hets_AL284	hets_AL288	hets_AL292	hets_AL300	hets_AL303	hets_AL304	hets_AL307	hets_AL309	hets_AL313	hets_AL32	hets_AL35	hets_AL75	hets_AL82	hets_AL86	hets_AL88	hets_AL91	hets_AL92	hets_AL95	hets_AL97	hets_AL99	hets_K1423	hets_K1461	hets_K1542	hets_K1544	hets_K1567	hets_K1579	hets_K1580	hets_K1583	hets_K1603	hets_K1606	hets_K1608	hets_K16100	hets_K1614	hets_K1617	hets_K1618	hets_K1623	hets_K1627	hets_K1632	hets_K1640	hets_K1650	hets_K1660	hets_K1663	hets_K1665	hets_K1669	hets_K1672	hets_K1680	hets_K1684	hets_K1693	hets_K1696	hets_K17007	hets_K17008	hets_K17010	hets_K17013	hets_K17014	hets_K17025	hets_K17028	hets_K17030	hets_K17032	hets_K17033	hets_K17034	hets_K17035	hets_K17037	hets_K17040	hets_K17042	hets_K17044	hets_K17045	hets_K17048	hets_K17052	hets_K17053	hets_K17056	hets_K17062	hets_K17064	hets_K17073	hets_K17077	hets_K17078	hets_K17081	hets_K17083	hets_K17087	hets_K17091	hets_K17094	hets_K17098	hets_K17099	hets_K17101	hets_K17102	hets_K17103	hets_K17104	hets_K17106	hets_K18010	hets_K18017	hets_K18019	hets_K18022	hets_K18034	hets_K18078	hets_K18083	hets_K18084	hets_K18091	hets_K19018	hets_K19019
NC_063220.1	1	605300	604306	604616	604703	589652	599685	604264	603286	604064	603511	603297	604418	604531	102551	390030	602617	601426	596438	600152	604765	312350	296566	603903	332950	603419	603076	599879	602902	604096	580663	602250	602153	604286	594757	273774	603487	137202	603313	603496	603423	598236	602980	602937	601912	603830	603395	603343	602638	581721	602096	336432	602771	604599	603305	602481	599061	602858	449132	604206	602243	356418	387253	603351	592193	598917	604215	272887	317477	604727	601741	604219	601098	273647	603576	603532	328840	603649	604959	603104	604338	600205	602714	321477	408598	603596	603487	604862	604223	597712	601586	604040	604798	604287	604531	604579	601332	604756	600420	592343	578614	603676	598738	604313	604295	602670	603642	482163	603671	560571	550095	532279	601922	603155	323560	382856	603817	579461	595830	392464	472194	556129	603423	604751	602213	604796	600972	600076	599150	239812	604567	397105	601942	590922	600830	603265	602630	604129	602767	588987	603389	513094	603584	587809	603968	601942	604389	604209	545435	604256	601137	601859	603535	604247	604519	604460	604747	603457	538653	583976	602945	587492	585493	584889	603396	545520	601376	598613	582072	601534	481059	594866	578261	597651	565444	599664	592892	399	0	79	391	406	0	0	313	476	0	0	0	11	212	324	417	410	426	331	158	125	0	81	390	326	135	394	386	384	329	386	398	389	147	0	60	317	314	390	411	314	383	308	398	195	440	0	306	395	164	381	322	317	0	136	479	238	322	0	49	235	329	0	403	393	35	221	436	316	330	135	110	315	471	17	397	0	0	392	0	77	55	1	315	0	400	319	131	466	323	79	322	399	398	470	79	470	367	250	323	72	397	328	190	444	83	80	393	71	0	394	386	168	2	319	289	360	246	335	281	80	390	318	481	367	413	404	103	330	6	324	399	3	86	335	330	380	331	203	250	328	386	0	375	428	391	351	474	418	198	392	0	321	317	328	331	270	0	316	375	0	374	312	346	466	78	370	301	345	78	3	386	75	316	0
NC_063220.1	1000001	741361	740251	740606	740577	734130	738233	739470	738120	739721	739385	738831	740227	740598	77083	428001	737668	740710	736388	739327	740394	461573	275914	739827	488259	739313	738698	739535	738471	739826	732003	739377	738691	740310	737520	254589	738620	108591	739034	739301	739586	738761	739123	738781	738621	739886	738709	739044	737840	734549	738053	502572	738686	740317	738685	738276	738811	739096	603731	740001	737692	544642	572563	739762	731955	739448	740574	385349	495144	740468	740052	740081	740547	406218	740331	740000	517482	739916	740295	738472	740492	736823	738760	444414	621393	739111	739312	740504	740399	738653	740292	740269	740679	740516	740587	740828	740611	740339	740371	734680	728947	739337	734258	740694	740278	738398	739721	669167	740050	718820	710191	704019	739985	739682	470772	587750	739564	722698	735368	574162	663602	708917	739981	740675	740075	740906	738415	739584	739598	359837	740852	586625	738483	735960	739872	738859	739064	740777	738948	728516	739211	670991	740412	733315	740704	739046	740615	740018	692072	740362	738705	738112	739704	740156	740454	740132	740624	739337	700594	732888	739203	736735	730533	714505	739918	715520	737517	738916	731248	739044	679867	736823	730373	738554	717833	738097	729493	380	370	571	579	571	190	279	441	490	252	0	475	33	239	377	587	616	619	382	329	75	290	294	598	383	516	590	405	607	383	608	676	619	133	278	29	425	428	604	585	491	403	647	515	353	690	328	342	512	264	403	673	376	0	455	482	246	448	288	346	398	622	287	572	671	171	339	581	430	394	496	221	429	632	342	675	1	90	602	189	561	169	1	418	162	622	432	517	482	650	572	654	675	609	403	566	495	551	354	374	511	519	382	284	697	498	570	608	300	247	202	582	240	1	372	633	550	278	612	2	378	415	662	673	193	570	567	207	311	193	656	726	18	653	445	607	196	446	291	397	616	166	1	395	666	165	158	711	606	422	348	221	628	447	383	616	421	276	440	671	285	648	415	644	569	578	580	426	522	572	318	573	308	241	262
NC_063220.1	2000001	770273	769416	769642	769646	768257	767179	768229	767313	768850	769266	769257	769174	769491	57744	396134	768923	769307	765408	768279	769571	293244	190259	769270	347738	768133	769207	768549	767751	768736	768257	768228	768347	769585	768172	159845	768166	66000	768146	768604	768285	768695	768250	767916	767665	768583	767864	768405	766753	768087	767142	393584	767811	769469	768223	768906	768319	768924	537706	769140	768484	425093	542143	768764	766698	768115	769548	262744	384852	769553	768574	769081	769641	274615	769004	768952	423174	769672	769672	769235	769439	767750	767559	319080	622044	768327	768914	769505	769397	767720	768599	768944	769754	769333	769482	769883	768596	769352	769430	763483	754905	768295	764979	769734	769572	767240	768751	691798	769230	749719	747439	727779	768702	768666	447485	586753	769059	752654	763806	546633	692678	731567	769464	769392	768900	769762	766820	768534	768444	268607	769919	582412	766581	764193	768853	767603	768827	769206	767723	761177	768158	691405	769581	762510	769653	767992	769887	769256	718133	769322	767434	767442	768612	769136	769404	769041	769870	768395	736679	760383	768138	765969	760321	737531	768681	739765	766110	767859	760597	767809	696314	765381	758637	766615	755306	766787	759907	369	575	519	713	725	151	554	709	6	689	258	685	19	216	317	812	711	747	316	151	31	397	78	313	313	572	556	399	699	697	781	688	797	74	562	0	360	405	692	814	372	251	557	703	673	305	360	572	559	134	21	1	681	83	561	258	178	573	572	239	301	735	555	793	682	87	1	813	367	314	690	90	378	731	269	690	146	269	569	374	516	0	33	374	316	808	477	659	479	577	532	577	587	528	629	525	569	750	557	310	632	572	313	551	565	497	474	739	353	392	373	574	197	142	551	671	532	356	479	81	813	474	571	312	756	803	777	83	314	205	651	654	477	744	360	582	264	624	624	329	731	97	0	87	717	108	96	570	777	478	258	368	312	227	570	731	328	306	558	312	310	292	264	301	4	743	727	252	645	730	501	551	339	7	294
NC_063220.1	3000001	770410	769517	769536	769836	767029	766473	768754	767134	768950	769376	769032	769009	769640	60320	373768	768446	769821	765367	768318	769546	236807	193080	769553	286445	768017	768990	768784	767482	769341	767340	768492	767741	769842	767492	165947	768367	67671	768132	768633	768918	768802	768375	767908	767358	768755	768166	768178	767056	767979	767234	343329	767658	769557	767843	767351	767886	769107	488435	768842	768072	330960	506799	768531	763576	767027	769577	200917	341339	769681	768668	769066	769199	252135	769371	768427	307523	769709	769916	768562	769574	768704	768119	304168	587119	768511	768593	769765	769350	767406	768588	769269	770032	769618	769806	769914	769714	769426	769499	761107	754322	768478	763177	769866	769609	767070	768917	674566	769633	748801	739331	723244	768490	767316	418815	543082	768089	749992	761973	536523	670034	731704	769383	769047	768430	769743	764960	768500	767116	254187	769696	558519	766262	762280	769092	768107	767371	769081	767603	755754	768320	686662	768942	761651	769677	768330	770141	769081	713805	769174	765947	766856	768331	768924	769536	769369	769959	768129	728280	760091	768026	765200	758973	740501	767847	735986	766014	768040	759065	766596	682479	764958	757493	766991	747529	766381	759995	677	0	703	610	676	491	0	668	346	667	0	670	27	206	247	720	657	678	252	49	43	669	2	248	248	664	247	656	655	656	650	675	686	89	0	0	670	657	653	757	659	0	681	608	653	250	654	672	651	205	238	252	585	571	0	0	86	0	0	225	0	666	0	522	668	98	80	620	672	0	574	140	676	659	157	670	669	1	190	664	644	0	220	670	252	761	473	470	2	0	673	678	693	673	500	664	632	630	644	249	606	697	195	641	609	567	672	524	619	0	573	0	238	339	242	446	239	150	524	619	620	477	480	0	502	614	520	170	0	8	0	713	664	535	659	676	668	530	656	516	662	663	0	189	707	658	604	672	597	3	0	576	0	193	252	663	176	216	0	0	212	0	2	0	242	450	657	1	466	438	0	658	631	244	0
NC_063220.1	4000001	790366	789093	787079	789642	786566	786990	788415	786865	788277	789100	788475	787199	789213	69974	343459	787943	789696	786263	788630	789575	162846	201665	789347	233922	788105	788591	788303	787394	789229	785913	788282	787830	789738	787350	169841	787997	79385	788002	786084	788793	788313	787947	785311	787206	789135	785222	788100	787122	786425	786638	269253	787868	789577	787992	789028	785660	786423	446466	788821	785669	269173	434179	788828	783457	787155	789520	163123	243918	789676	785395	788939	789808	164015	789240	788822	270941	789399	789930	788749	789592	787757	787374	231799	522854	788230	788745	789866	789143	787150	789229	786482	789676	789414	789277	790010	789410	789387	789596	780621	765102	788072	779777	789327	789318	783613	789207	646590	788951	756612	751471	708547	787472	784794	367812	473600	788100	763854	779811	460753	629944	728598	789200	789679	788214	787406	785986	788821	788404	171284	789823	493313	786376	780162	788752	787494	787645	789232	787088	776597	785065	668631	789070	775376	786504	787549	789810	788535	711235	789165	785673	785308	786219	789063	787048	789444	789979	788518	734153	766221	787718	773254	770656	765827	787982	725097	785644	784320	771943	786804	651718	778238	766835	785516	762268	784486	778680	301	4	271	1	160	268	258	277	162	555	2	540	6	24	709	163	155	158	713	75	86	285	28	695	715	538	689	547	274	161	692	551	303	45	263	7	534	236	162	468	532	2	262	313	234	696	535	161	530	64	689	446	186	1	2	1	114	257	1	101	121	162	252	0	538	48	150	708	241	269	1	66	123	160	26	555	553	308	550	535	537	56	154	539	694	165	766	758	541	2	548	283	275	549	777	548	677	283	654	695	219	525	283	436	190	393	553	258	457	3	196	1	88	350	699	723	661	359	124	475	448	715	0	0	0	431	0	87	268	124	0	158	494	268	474	164	264	276	433	620	163	520	0	519	544	535	465	163	423	315	1	1	1	279	716	159	244	380	260	0	384	1	288	2	685	569	155	296	504	566	288	531	257	426	255
NC_063220.1	5000001	832113	831644	831546	831632	827264	829551	830765	829548	830504	830692	830185	830756	829970	55258	303825	830382	831312	829170	830727	831581	129290	177205	830947	176409	830298	830481	830669	829823	830950	824695	829345	830388	830219	826761	135649	830350	64563	830268	830263	830749	829989	829349	830286	830001	831013	830103	830473	829426	828282	829388	215608	829795	831537	830450	831484	830199	829119	391370	829832	829837	199912	400744	830747	822281	829329	831278	134501	213808	831637	830176	830900	831528	142838	830972	830973	204092	830822	831770	830359	831535	826579	829080	197796	508445	830452	830605	831644	831566	829716	831351	831356	831686	831609	831461	831790	831001	831565	831362	823327	805451	829899	825268	831392	831715	829784	831028	672313	830841	796277	786452	747662	829383	830894	343637	467688	830811	805008	822535	452846	650450	766542	831371	831693	829828	831715	829038	830664	830238	152138	831814	486279	828664	820163	830654	829777	830557	831827	829209	821317	830201	697101	831419	816399	830856	829984	831632	831134	748246	831394	828804	829966	830668	831176	831310	831312	831741	830400	770640	810103	829644	819384	809708	810809	830458	759525	827484	826544	814428	828837	668896	822316	808179	827174	801127	826425	821389	510	0	495	293	637	500	825	290	656	849	2	834	26	136	852	647	641	653	861	59	82	302	68	844	857	850	830	848	490	448	818	846	821	56	829	11	826	1	462	853	831	1	482	851	438	625	831	624	819	103	838	657	728	303	1	2	0	823	0	104	208	0	789	0	854	41	141	863	1	838	742	65	0	650	114	854	857	858	853	811	827	96	356	852	844	471	875	850	520	0	853	0	492	858	875	848	5	764	782	818	0	877	0	750	722	605	857	462	738	0	0	1	0	347	837	794	772	352	431	706	659	862	0	0	0	651	1	107	858	0	0	612	843	501	855	653	495	763	510	671	649	810	421	821	984	833	687	647	630	768	0	0	1	0	858	261	0	423	833	0	423	0	832	532	822	80	607	811	554	80	758	828	281	622	596
NC_063220.1	6000001	841133	840392	840601	840497	835042	838654	839865	838486	839108	840019	839392	839871	839319	66272	297661	839389	840328	838474	839726	840458	117368	181239	840085	163318	839635	840009	839925	839045	840120	829667	837809	839526	837543	837298	146435	839289	76326	839603	839320	839600	839548	838419	839350	838472	839911	839275	839549	838465	834503	838572	191061	839007	840544	839130	840527	839559	837941	357392	839090	839026	170534	393300	839879	828890	838085	840433	122318	198994	840767	838455	839809	840551	141366	840085	839995	182101	840236	840759	839723	840549	835306	838391	179497	474218	839777	839704	840620	840453	838296	840193	840326	840771	840511	840241	840878	839657	840591	840407	833494	806490	838223	834087	840510	840483	838751	839804	645342	840218	791902	781369	730701	837145	839746	358472	449106	839811	806706	829824	436295	631311	762620	840535	840846	838364	840722	837678	839566	839325	145817	840779	462430	837885	825785	839924	838622	839503	840733	837929	831906	839202	690179	840398	820605	839649	838844	840822	839898	743824	840436	836925	839281	840036	839877	840345	840371	840713	839402	757820	810491	838324	818102	814684	825808	839464	748984	835689	832851	812600	836153	648479	826412	809027	833380	798837	831829	826960	945	1	638	796	808	936	699	793	821	665	1	829	25	158	727	815	802	804	842	57	86	822	61	821	843	717	805	828	908	3	709	819	705	70	709	44	715	1	3	841	708	1	616	721	816	1	713	782	707	108	825	820	628	822	1	1	0	711	0	95	179	0	669	0	834	52	116	840	1	721	836	64	0	0	80	842	839	841	834	783	813	102	365	715	825	3	785	772	637	1	841	0	636	844	609	837	668	682	677	809	0	935	0	614	630	616	836	852	609	0	0	1	3	323	815	712	775	379	549	690	826	840	0	0	0	803	0	91	727	3	0	771	708	598	726	824	910	647	658	608	804	781	727	692	1162	819	692	821	781	57	605	0	1	0	839	0	0	643	708	0	666	0	710	597	796	0	758	798	546	0	769	703	731	662	755
NC_063220.1	7000001	824068	823501	823389	823573	811754	821434	822841	821355	821499	821266	821290	806784	819889	41525	208164	821922	822066	822404	822627	823521	57161	129563	821818	76329	822389	822140	822828	821371	823037	810491	816747	822671	646585	812334	101259	822380	48813	822147	822202	822632	822057	816719	822190	821914	822825	822159	822305	821008	811999	821140	105503	821996	823395	822565	821256	822305	784022	254396	818411	821580	101060	234625	822564	800105	819465	823275	74345	113468	822349	820605	822005	823612	66345	822727	823034	158290	822785	823865	821719	823675	752738	821147	109520	323773	822449	822276	823548	823372	821377	823172	823364	823652	823591	823415	823716	802095	823487	823510	816184	755125	820093	817994	823496	823676	821602	823024	517257	822376	727158	718912	626431	816134	823024	285229	314578	822826	767020	807657	300994	484008	702098	822646	823881	815117	823770	820477	822382	822201	78532	823775	339068	820001	791414	822394	821461	821791	823780	820272	817850	821718	599186	823177	781024	820232	821262	823031	822627	679073	823379	817646	821043	822940	822824	823437	823209	823713	821757	666422	749736	819543	762146	770615	813728	822718	645105	816612	804457	760075	814743	499869	788022	752319	806673	764376	807918	803842	503	0	678	613	601	499	550	639	607	625	0	668	10	104	558	602	598	597	722	35	68	652	46	713	726	552	699	695	457	49	548	431	521	57	549	30	547	0	49	718	530	0	659	558	711	0	550	568	535	52	710	610	693	655	0	0	2	531	0	28	81	0	465	0	696	34	49	727	0	541	697	27	295	0	88	703	707	705	721	518	673	51	170	546	707	50	200	197	566	0	702	0	662	706	230	698	556	520	528	689	1	505	0	332	692	240	723	399	397	0	0	0	5	82	707	177	646	191	337	523	730	723	284	0	0	592	0	41	672	0	0	547	547	0	560	614	473	495	539	144	600	626	551	533	943	687	512	608	581	0	713	289	0	0	722	0	1	498	540	0	496	0	549	366	670	0	542	656	340	0	590	511	535	524	565
NC_063220.1	8000001	848282	847974	847813	847818	845755	845616	846987	845794	846542	847325	846849	846896	846499	53230	327303	847196	847797	845708	846873	847863	140159	193486	847543	180486	846588	847394	846978	846183	847198	844419	845144	846753	842094	845661	154029	846768	66971	846425	846561	847025	847081	845728	846457	846370	847023	846670	846825	845764	845193	845810	226077	846187	847723	846906	847583	846549	844305	403949	846323	847050	211687	413942	846986	833563	845038	847660	135363	227382	847966	845251	846931	847772	159584	847237	847295	228482	847526	847988	847337	847746	842751	845159	220662	490000	846871	847042	847833	847839	846047	847770	847732	847884	847851	847638	847974	846750	847787	847755	839022	816209	846096	840657	847845	847839	845676	847185	649469	847515	801903	791105	745162	845614	847221	355335	447357	847142	818652	840451	453030	637340	773149	847331	848133	845836	848080	844608	846765	846544	162691	847895	470057	845161	833697	847022	846413	846346	847901	845837	837263	846337	697482	847621	831283	846993	846068	847838	847175	752449	847549	844637	846685	847244	847199	847672	847509	847958	846844	768146	822294	845878	831234	823540	827527	846588	762626	843369	842022	823610	843276	662646	836437	818063	842354	813804	842153	835559	739	0	217	786	3	728	729	789	3	210	0	213	4	1	742	3	3	3	739	80	86	798	92	728	739	732	722	218	721	768	726	181	725	74	736	46	724	0	781	738	720	0	799	732	729	0	723	3	726	134	718	3	731	792	0	0	3	728	0	1	234	0	683	0	214	66	151	740	0	727	219	121	3	0	1	219	219	218	736	191	210	19	66	726	728	797	1	1	733	0	219	0	218	219	0	217	741	662	676	714	0	117	0	1	737	505	741	676	646	1	0	0	1	0	718	3	689	353	1	606	739	742	3	0	0	2	0	118	216	1	372	1	722	0	733	3	721	644	699	6	3	196	743	713	833	212	168	3	3	0	728	3	0	0	735	291	0	683	725	0	698	1	718	629	707	0	3	207	493	0	191	709	713	720	4
NC_063220.1	9000001	845621	844928	845078	844934	839694	842383	844274	842951	843224	844245	844265	844026	842883	42380	238804	844858	844241	842718	843975	844939	89119	140564	844884	120001	843817	844913	844060	842794	844260	838273	841709	843821	841886	838689	104980	843575	47613	843621	843856	844102	844695	843037	843595	843137	844128	843375	843974	842545	839239	842553	159823	843321	844838	843725	844797	843600	842248	326392	841914	844385	143413	339269	843775	827038	841238	844621	100084	160303	845203	842077	844041	844987	105127	844322	844220	155466	845301	845156	844994	845035	837458	842521	151096	429759	843951	843970	845097	844828	843227	844624	844892	845157	844895	844896	845090	844080	844863	844996	837967	808121	843383	839253	845101	845207	842612	844371	616644	844915	792886	777810	731656	842406	844643	329457	412434	844484	809381	834401	401753	603369	755250	845245	845248	841654	845325	842079	843934	843693	108370	845205	427924	841955	826369	844051	843179	843986	845262	842721	837681	843720	672664	844864	823911	844044	843482	845404	844460	736043	844814	841594	843958	844272	844517	844782	844734	845186	843960	740710	812269	842567	822531	815528	829975	844106	743115	840888	836257	815583	841237	622608	827449	808600	837544	803338	837504	832330	544	0	2	514	3	535	530	531	3	1	1	2	0	38	543	3	3	3	539	20	41	543	37	523	545	530	525	2	522	517	535	1	520	25	529	8	536	1	531	542	529	487	527	540	530	1	524	10	518	14	524	3	537	544	1	1	0	527	0	2	93	1	467	0	1	22	35	544	1	537	2	27	3	1	22	1	1	2	536	1	1	0	0	538	533	542	1	2	544	0	1	0	2	1	2	1	539	502	491	523	0	0	541	3	542	292	537	461	289	0	0	1	1	0	526	3	492	175	2	409	544	35	3	0	3	172	0	33	0	6	515	191	529	0	551	3	515	480	520	1	4	1	540	516	527	0	1	3	167	1	537	3	1	0	540	536	1	489	532	0	476	0	522	419	510	0	189	2	293	0	2	515	445	510	3
NC_063220.1	10000001	851526	851040	851172	851219	847237	849180	850035	848917	849947	850569	849500	850546	849633	60305	333754	849596	850914	848727	850190	851060	133665	204975	850493	189400	849882	849962	850400	849522	850588	841471	848985	849895	849493	847299	152928	849993	72017	849883	849870	850279	849506	849339	849743	849313	850445	849596	850041	848923	846474	848954	221739	849396	851021	850211	850776	850116	849169	405366	849542	849626	209353	417237	850213	838301	848492	850780	134356	217579	851236	849310	850359	850910	150277	850362	850447	206249	850154	851150	849706	851052	847165	848740	215935	496072	850204	850152	851097	851032	849326	851019	850987	851231	851033	850905	851216	850547	851014	851010	842257	824763	849193	843981	850955	850784	848688	850440	669014	850200	812538	797439	762352	848785	850020	349657	461655	850006	822644	843033	469316	658890	783451	850040	851069	848597	851240	847648	850045	849894	150934	851198	495476	848433	837635	850269	849620	849237	850568	848923	838644	849736	716777	850819	835380	850242	849647	851137	850389	762548	850912	847445	848531	850419	850427	851039	850883	851276	849901	771949	828074	849209	834478	829699	830805	849605	777765	847001	845105	826224	847609	677954	839981	825078	846119	814263	844677	838180	665	0	2	645	1	651	639	650	3	1	2	2	1	155	669	2	1	2	670	52	74	668	74	662	671	659	656	2	646	639	652	0	639	46	654	0	646	2	659	665	650	637	30	657	650	2	645	4	649	3	658	3	661	664	2	2	0	648	0	1	199	1	610	0	0	53	105	668	2	658	2	6	627	1	84	0	0	2	669	0	0	2	2	31	660	665	2	4	30	0	0	0	2	0	2	0	373	600	616	651	0	638	667	4	663	463	666	618	2	0	0	2	1	2	647	2	628	324	1	570	664	3	628	0	0	655	0	92	0	2	629	610	651	0	663	3	643	574	644	4	2	0	667	631	647	1	2	3	620	2	663	621	2	0	666	664	0	610	650	0	613	0	652	578	636	0	613	2	450	0	2	648	591	635	3
NC_063220.1	11000001	851425	851068	851049	851008	839340	848919	850228	849007	849154	849667	850601	848606	847565	31352	143858	850819	849877	848907	850174	851031	36813	87348	850921	61733	850091	851207	850256	849186	850410	841693	847176	849995	845418	839379	60941	849771	25919	849698	849876	850159	850796	848788	849658	848941	850358	849431	850025	848691	844605	848465	94309	849519	851010	850076	851061	849919	844470	227657	846688	850843	72063	285994	850168	833929	847653	850753	53016	120544	851254	849707	850112	850914	63948	850365	850290	81716	851257	851090	851040	850930	838171	848402	99369	407230	849955	850213	851116	850926	849201	850654	850848	851146	851037	850835	851204	849687	851031	850905	844805	821083	849418	846397	850843	851380	849671	850482	642192	851147	810339	792395	755489	848667	850706	366226	434419	850636	824232	842955	404349	635810	777103	851255	851288	848087	851211	848497	850012	849677	83736	851164	436626	847588	834010	850123	849158	850713	851272	847740	844367	849556	696842	850762	834037	850510	849197	851340	850278	753013	850786	848371	850477	850278	850517	850748	850725	851035	849786	763987	828161	848933	836216	827736	840659	850081	769762	845299	845164	829040	847337	653276	837515	825226	844680	805113	844557	839732	818	0	6	747	43	805	788	785	45	199	2	2	1	39	817	44	43	44	780	8	26	812	20	764	793	799	751	2	733	747	800	1	734	23	795	1	795	2	777	787	780	794	6	800	767	2	786	42	793	15	773	45	778	818	2	2	0	761	0	1	120	0	718	0	0	12	48	792	2	790	2	0	781	0	28	0	0	2	781	0	1	3	1	5	773	813	6	6	200	0	0	0	7	0	201	0	2	745	644	786	2	813	820	193	807	500	790	719	2	2	0	2	2	2	765	1	727	265	30	684	790	46	771	1	1	770	0	45	0	4	779	630	795	0	817	46	776	727	785	3	45	2	790	775	763	0	180	45	749	3	785	775	2	0	793	790	0	629	807	1	618	1	801	671	743	1	645	2	502	0	4	784	688	770	282
NC_063220.1	12000001	863036	862538	862664	862588	860308	860053	861705	860713	861362	861813	861630	862392	860848	61854	341930	861162	862487	858628	861536	862617	163667	200278	862087	221831	861208	861478	861771	860710	862042	856585	860803	861159	861975	860038	151208	861235	78475	861293	861443	861483	861458	861020	861276	860832	861721	861142	861747	860258	857935	860476	257777	860569	862396	861401	861268	861402	861990	403751	861079	860990	224038	462149	861498	851590	860046	862406	152950	277462	862544	860583	862024	862581	199171	862051	861799	228095	861912	862596	861474	862415	860870	860503	249246	570162	861743	861667	862562	862507	860557	862266	862404	862558	862213	862422	862787	862441	862546	862458	852184	839307	861178	855563	862607	862423	860391	862020	711061	861895	829580	816861	791946	861025	861673	378624	513058	861841	840168	856150	527169	698733	811464	861816	862469	860539	862794	859126	861731	860873	191268	862843	541610	860271	848766	861887	860760	861261	862471	860800	850445	861247	745410	862193	849299	862066	860960	862125	861921	792159	862232	859655	860878	861968	862121	862417	862055	862698	861541	790533	845033	861008	850232	845194	839281	861636	804126	859151	857759	844279	859491	716460	853090	841469	858676	831735	857630	851652	571	0	191	566	455	565	562	566	478	692	190	189	28	96	571	473	448	467	673	87	83	571	84	652	664	562	641	192	563	648	552	1	561	56	560	0	560	184	661	661	568	558	184	567	649	186	554	469	565	93	646	472	656	569	191	191	2	563	0	0	225	1	532	0	1	61	133	668	189	565	188	0	664	2	87	1	1	190	662	1	1	52	99	0	655	576	191	0	558	0	1	0	190	1	559	1	0	509	511	563	0	574	575	521	571	451	671	531	151	0	0	185	56	93	655	178	622	326	305	508	670	476	657	0	0	657	0	93	0	2	554	424	564	0	570	404	558	491	549	148	470	0	670	548	639	0	610	472	630	182	662	657	190	0	670	564	0	429	562	0	419	0	563	528	634	0	410	184	490	0	178	556	522	555	611
NC_063220.1	13000001	842978	842035	842174	842390	833201	839533	841500	839748	841249	841191	841073	833195	841663	86288	416636	840363	842249	836640	841203	842227	330938	291200	841481	374926	840743	840997	841337	840180	841532	823827	784095	840209	809522	832244	252846	840761	125539	840681	840815	841200	840390	841053	840793	840566	841434	840825	841253	839837	777609	839910	389764	840348	841992	840934	835391	840885	816740	516125	841332	840096	361844	537306	841565	813214	840503	842194	282282	408998	841972	840665	841416	842336	352689	841545	841628	332238	841583	842153	840543	842087	779195	840426	389653	553933	841047	841591	842227	842240	840424	842291	841668	842278	841892	842066	842374	840412	842081	842090	827576	827946	841580	831081	842230	840290	837898	841770	724510	840445	816513	773420	804946	841426	839879	505413	638796	840552	820365	837785	603921	729942	814011	841397	841376	841282	842702	837061	841006	841389	383889	842401	631500	839866	823634	841602	840737	833495	841324	840803	808460	841515	758414	842157	831554	842312	841158	842241	841828	788609	842152	838817	839701	841176	841849	842191	841617	842487	841331	760820	834052	841012	836717	829601	812379	840758	807264	838931	840091	824535	840633	733678	836717	831081	840013	774396	839569	828848	621	0	490	644	530	620	631	639	549	573	491	491	42	213	650	547	515	537	666	247	164	652	223	701	714	615	644	493	595	625	604	0	605	156	636	0	641	485	656	709	622	643	478	615	695	487	637	490	602	208	692	543	699	606	485	483	0	647	0	1	342	0	607	0	0	168	270	665	477	639	488	0	709	0	204	0	0	494	710	0	0	141	264	2	705	650	491	2	598	0	0	0	493	0	599	0	1	555	633	610	0	627	642	577	611	502	663	590	421	0	0	480	161	260	474	465	679	305	529	603	666	540	708	0	1	651	0	197	0	0	592	566	613	0	586	609	609	493	617	419	535	0	670	599	651	0	528	542	646	487	702	700	491	0	669	615	0	563	645	1	566	1	632	592	688	0	561	479	539	0	465	624	571	626	598
NC_063220.1	14000001	833008	831736	832315	832385	770966	829972	831529	830324	831440	827486	827100	815777	831404	93882	398827	825141	831963	828147	831440	832491	327525	321227	829497	365940	831014	826292	831492	830679	831839	727202	751530	830515	800961	767744	289030	831063	153966	831037	831101	831454	826217	830735	831285	830714	831602	830817	831581	829887	718393	829854	363477	830610	832237	831143	826058	831095	774745	486877	830576	824921	344914	496785	831685	799523	830500	832031	292980	386113	832323	830916	831889	832247	333881	832067	831718	335710	828385	832424	826105	832194	740022	830597	357245	479935	831116	831928	832466	832246	829968	832133	832021	832429	831686	832022	832650	830049	832433	832096	821135	809904	831448	820765	832313	830254	828228	831969	677677	828936	795331	740896	774810	831232	830064	521432	608533	830417	804869	825742	551695	681523	789898	828158	832013	830805	832792	827814	831638	831186	394645	832689	569396	830039	810304	831585	831017	822667	831404	830614	801043	831078	721686	832298	817583	831879	831087	830475	831862	760986	832226	828748	824966	831569	832027	832276	832057	832557	831656	722584	817562	830678	818501	812416	805790	830853	775966	829180	827991	808815	830294	693069	823406	815736	828523	721020	828950	816746	393	0	172	294	392	391	319	320	403	555	168	172	40	191	322	405	382	398	249	88	47	327	159	155	154	389	244	170	335	226	382	0	343	43	316	0	322	167	245	156	390	320	166	394	155	166	319	329	381	185	151	404	158	299	169	159	1	315	0	0	66	0	293	0	0	131	57	248	169	324	168	0	159	0	198	0	0	170	158	0	0	75	93	0	157	324	172	0	531	0	0	1	171	0	556	0	76	349	348	385	2	396	321	504	323	304	248	376	150	0	0	159	86	0	158	168	144	127	193	293	246	405	152	0	0	245	0	92	0	1	374	503	393	0	363	396	387	302	383	0	402	0	248	371	240	0	492	404	234	168	155	157	171	1	249	392	1	520	318	0	504	0	310	359	391	0	504	162	182	0	163	389	261	306	211
NC_063220.1	15000001	828771	828317	828425	828436	816879	826359	827503	826408	825551	826774	826665	811896	822988	50400	196825	827127	826504	827117	827531	828296	54505	139239	827113	58763	827387	827447	827711	826590	827909	814471	821771	827300	618268	813960	115921	826959	58432	827065	827111	827366	827236	821369	827125	826622	827690	826765	827416	826319	798824	825832	79567	826930	828327	827388	825730	827448	795644	225870	819708	826968	75375	162653	827340	794527	823113	827806	58979	77766	828084	822973	826501	828217	50911	827325	827609	117640	828097	828565	827275	828379	753939	825365	106397	241249	827041	826752	828453	828372	826564	827811	828280	828491	828426	828106	828468	807302	828152	828254	821164	732693	824376	822593	828299	827796	825353	827541	439263	827498	691014	674180	576064	818090	827156	219146	230951	827298	750418	804649	224915	380560	665686	828023	828516	813570	828393	824544	827038	826748	50602	828292	261193	823660	770615	827227	826543	826084	828015	825198	821212	826228	549311	827777	763585	822861	826025	828118	826970	624218	828108	820271	826037	827673	827278	828192	828107	828378	826776	614387	727338	823300	739736	755224	819876	826878	567426	819891	798181	738132	816533	413172	776806	728362	803694	747058	802683	799876	622	0	569	436	0	616	468	471	0	478	501	542	8	91	483	0	0	0	488	12	72	474	41	606	632	621	467	571	586	444	617	1	573	64	464	0	476	546	480	628	581	479	550	618	605	559	469	0	605	0	615	0	621	487	551	451	0	531	0	0	76	0	381	0	4	20	36	489	551	466	570	0	622	0	54	1	1	572	625	0	1	46	89	0	618	486	570	1	64	0	1	0	566	1	540	1	461	572	449	602	3	629	489	60	483	232	490	442	351	1	0	551	83	3	553	437	540	94	162	315	483	0	575	0	0	477	0	26	0	1	581	451	609	0	629	626	602	558	595	6	0	0	472	601	465	0	290	0	440	560	620	616	566	0	477	624	0	5	462	4	1	1	468	337	0	1	444	517	153	0	416	544	351	430	413
NC_063220.1	16000001	837699	837153	837169	837116	833673	835289	836404	834957	835254	834866	833201	834596	835093	76166	307564	833193	836794	835657	836313	837046	99619	207469	835050	133304	836220	833795	836410	835247	836665	825598	832922	835912	789735	832456	170957	835823	84879	835789	836041	836486	834103	832755	835851	835451	836679	835827	836226	835099	828332	834653	151840	835429	837142	836252	837086	836452	828299	358754	834357	833111	148920	247806	835820	810614	832311	836841	101128	115956	837474	831106	835715	837207	85994	836300	836102	188525	835259	837416	833531	837231	823494	834212	150744	315019	836306	835706	837222	837131	835041	836852	837084	837335	836841	837049	837418	833020	837050	836918	827362	749881	833048	829561	837167	836860	835008	836594	489281	835400	717220	709867	604672	828449	836366	219671	273963	836257	770743	816896	280040	441737	695566	835092	836992	828551	837437	833575	835893	835361	83535	837397	308824	833026	790768	835963	835153	833974	837196	834229	823761	835289	590530	836672	785569	833314	835310	836507	836434	662126	836967	830164	833038	836480	836265	837001	836709	837282	835836	653261	757362	832653	764661	779643	829873	835521	621108	830245	813758	763598	827005	466788	795889	752498	815986	766403	816849	811927	422	0	238	325	277	414	325	335	282	61	227	228	1	100	333	279	276	278	61	3	35	333	32	216	219	413	61	235	412	58	402	0	401	33	323	0	326	235	60	220	391	328	233	421	215	226	325	267	403	0	217	285	416	338	236	216	0	230	0	0	45	0	264	0	0	31	26	61	231	326	235	0	222	0	55	0	1	237	218	0	0	30	81	2	209	337	239	2	2	0	0	0	236	1	229	0	198	385	177	402	0	422	337	0	333	187	62	308	169	0	0	234	43	3	228	194	186	61	27	233	62	1	207	0	0	60	0	19	0	2	407	327	416	0	420	422	410	363	399	6	271	0	60	405	57	0	41	282	54	230	216	217	236	0	338	405	0	233	322	0	227	0	329	249	270	0	341	219	32	0	198	373	261	302	51
NC_063220.1	17000001	847088	846643	846467	846723	845273	844280	846024	844811	845420	845103	843693	845601	845706	65221	333283	844606	846567	844703	845708	846709	117910	195870	845310	159329	845588	844904	845991	844598	845968	842049	843948	845523	829320	844066	160735	845404	73146	845498	845473	845946	844386	843800	845393	844948	846057	845193	845731	844313	842022	844326	193581	845088	846545	845611	846561	845609	842549	370345	845350	843761	190183	372274	845891	830795	843358	846341	128159	203724	846884	844232	845884	846597	139251	846082	845993	217538	845429	846802	844822	846642	838174	844266	193195	466568	845835	845608	846681	846659	844969	846581	846572	846635	846631	846618	846770	844643	846633	846580	839052	804378	844629	839704	846606	846482	844598	846213	624684	845238	786687	778343	721698	843317	846002	331861	410759	845958	809331	834447	422524	604382	758356	845262	846849	843042	846807	843498	845620	844919	131361	846720	436059	843730	827126	845647	844956	845475	846767	844048	837375	845292	681947	846398	822897	844912	845100	845943	845958	739607	846481	842172	843623	846124	846077	846508	846281	846752	845339	739987	812035	844365	820632	818532	833276	845674	741447	841516	836620	813143	842181	624173	830856	809296	838003	804508	838315	833004	344	0	667	461	62	341	447	459	65	599	627	634	18	126	470	63	63	62	479	52	68	469	64	568	584	581	457	638	338	466	563	1	579	70	460	0	457	634	465	574	566	461	644	581	566	631	452	61	581	0	564	65	342	468	629	602	0	632	0	59	146	0	428	0	0	56	94	479	633	457	638	34	325	0	105	1	0	642	574	0	0	91	247	243	559	467	665	241	246	0	0	0	665	0	625	0	219	538	494	567	0	343	471	1	463	175	477	271	505	1	0	629	141	1	625	570	518	248	324	398	480	0	318	0	0	476	0	74	0	1	559	512	575	0	587	589	332	510	563	6	63	3	475	556	457	0	510	65	458	635	577	327	635	0	469	574	2	335	457	0	340	0	458	453	61	0	523	600	313	0	561	560	413	439	426
NC_063220.1	18000001	859809	859294	859499	859420	851884	857196	858498	857345	857559	858363	858162	857846	856184	56165	252459	858629	858625	856850	858487	859331	81811	153898	858815	117115	858394	858861	858481	857017	858851	850174	856431	858217	854587	851137	117573	857982	59271	858074	858279	858595	858666	857082	858033	857647	858782	857904	858330	857051	852213	857200	142396	857590	859257	858391	859437	858265	856332	306367	855779	858310	137043	319392	858520	840006	855843	859251	89296	156255	859609	856353	858332	859301	94314	858765	858796	151937	858933	859490	858502	859334	850355	857252	146117	412469	858444	858022	859488	859401	857478	859344	859283	859564	859402	859373	859451	858170	859368	859042	850375	820467	857258	852961	859281	859568	857237	858823	607747	859117	801505	782170	734739	856113	858920	327023	384686	858875	825182	847797	390480	587282	768913	859051	859508	855835	859285	856129	858109	858150	94506	859524	408906	856288	838119	858543	857669	858448	859331	856642	850904	857607	681814	859133	838163	858716	857590	859374	858680	748772	859209	855928	857943	858531	858720	859142	859151	859527	857988	739719	827901	857110	837619	830860	847871	858262	751548	853676	849697	826101	855338	622135	840661	820739	851244	810878	851011	845029	285	0	313	38	276	13	38	37	283	620	616	615	14	79	41	279	275	280	317	14	34	38	24	476	493	639	304	626	274	303	640	3	615	25	34	0	38	612	316	484	634	40	309	652	470	626	36	264	640	0	475	283	280	38	620	610	0	607	0	44	94	0	38	0	3	29	41	317	613	38	625	26	0	0	52	0	0	636	484	0	1	42	197	483	476	38	312	476	486	0	0	0	315	0	624	0	494	592	428	643	2	287	41	0	37	140	320	242	497	3	0	618	127	0	610	278	441	213	172	33	318	2	0	2	3	314	0	32	0	5	616	589	636	0	660	663	273	571	622	1	272	2	318	626	301	0	504	284	300	630	488	0	633	0	40	648	0	555	38	3	559	1	40	527	268	3	596	600	170	1	544	632	32	37	286
NC_063220.1	19000001	819961	819160	819329	819543	812436	817010	818649	817364	818262	817743	817574	819331	818235	84990	345410	816833	819175	815132	818435	819491	188366	221255	818145	243965	818132	817125	818445	817535	818814	806464	817403	817989	819458	812668	179758	818231	99315	818097	818216	818609	816954	817978	817904	817518	818619	818085	818520	817129	811993	817121	263235	817451	819280	818157	817955	818338	819152	421245	818126	816056	240603	469315	818660	810123	817464	819238	165233	282116	819408	818410	818880	819406	202589	819153	818888	224329	817837	819571	816818	819322	817988	817668	268957	553897	818575	818648	819355	819514	817469	819428	819406	819459	819363	819299	819587	819404	819382	819324	811412	803245	818314	811612	819345	818885	817271	818852	690314	817829	794806	780363	768728	818375	818516	439253	525410	818403	801577	813254	528496	686923	776691	817800	819546	818607	819570	816706	818435	818318	193037	819646	532349	816940	808142	818515	817636	816952	819180	817416	806152	817999	724502	819213	809774	819383	818021	819004	818858	758764	819230	816718	816747	818717	819181	819331	819011	819556	818353	762717	810584	817769	813258	807657	799817	818345	779823	814799	816727	806696	817907	704580	813838	805747	816287	788406	817055	809376	536	1	473	89	523	90	91	90	535	497	499	491	35	130	91	538	497	529	475	80	83	91	90	577	580	472	469	493	514	466	464	0	468	69	89	0	90	489	467	579	469	89	464	474	572	479	85	519	451	6	568	537	530	88	492	498	5	488	0	97	194	0	87	0	0	59	113	474	484	91	494	72	0	39	89	0	0	493	582	0	0	97	255	578	575	91	476	576	545	0	0	0	472	0	441	0	568	426	523	467	1	534	90	55	89	417	469	509	433	0	0	482	169	0	481	453	539	253	366	80	474	0	0	0	1	462	1	93	0	52	461	408	471	0	469	474	522	402	468	3	528	0	474	465	457	0	443	530	465	484	577	0	493	0	89	472	0	458	90	0	462	1	86	437	518	0	412	480	372	0	461	468	88	89	437
NC_063220.1	20000001	862789	862263	862314	862454	859079	860271	861613	860350	860842	861035	860564	861760	859917	77714	329016	859652	862266	857742	861521	862421	145681	222814	861230	188376	861175	860112	861570	860644	861854	858086	852058	860793	861946	858669	179190	860934	93689	861177	861010	861448	859938	860747	861112	860615	861684	860979	861339	859846	841953	860381	207780	860561	862242	861280	860300	861241	861697	404662	860169	859365	194096	394198	861477	842481	858983	862074	129143	218838	862344	858723	861606	862235	161748	861786	861656	186945	861146	862236	859468	862209	853810	859781	226256	480811	861563	861436	862458	862263	860522	862336	862004	862396	862158	862290	862363	862021	862156	862151	852434	829807	860643	854482	862279	861621	859661	861851	656524	860713	816353	796020	760881	859253	860852	373744	462880	860733	833752	853239	463724	643514	793950	860841	861745	858958	862490	858780	861158	860752	160858	862283	481791	858893	843695	861419	860435	858562	861571	860032	847519	860935	718260	862029	842638	861418	860637	861871	861643	768568	862133	858442	859369	861488	861667	862233	861966	862453	861191	767388	838281	860425	842265	837595	845128	860762	775824	857779	854471	836963	859050	664882	847921	833598	855187	815518	857139	849964	706	0	611	714	640	712	706	701	659	153	627	619	15	169	715	660	627	651	608	57	73	721	79	499	516	566	594	623	649	592	565	0	560	68	702	0	709	622	603	516	560	704	593	573	505	613	687	636	558	3	499	662	650	696	624	624	3	615	0	104	148	0	647	0	0	59	86	606	611	710	624	70	0	564	88	0	1	631	516	0	0	102	283	511	511	721	606	506	518	1	1	0	605	1	629	0	514	510	469	555	2	657	718	4	705	457	605	589	555	1	0	610	179	1	614	553	481	271	391	608	605	0	0	0	0	593	0	87	0	315	542	541	558	0	568	569	646	492	549	3	654	3	606	542	583	0	145	664	588	624	510	0	627	0	722	567	0	647	705	0	642	0	696	494	632	0	529	605	387	0	583	549	625	687	544
NC_063220.1	21000001	849125	848475	848461	848645	844346	846444	847842	846743	846721	847088	846690	847806	846167	71672	290359	846605	848156	845550	847648	848611	109763	207203	847422	158065	847300	847239	847718	846715	847896	838628	845613	847182	843005	843943	161954	847157	80771	847347	847356	847753	846642	846280	847207	846657	847955	847258	847813	846324	841159	846354	171681	846918	848582	847475	848141	847311	846271	364052	845846	846732	158024	323771	847555	828433	844396	848224	114048	155516	848790	845043	847507	848499	105185	847956	847798	177881	847446	848534	846770	848614	842058	845973	174369	387197	847882	847616	848553	848509	846785	848280	848179	848502	848294	848581	848632	848010	848267	848203	839006	796296	846310	840785	848632	848392	845726	848078	574925	847370	775870	762407	690596	844165	847525	261549	341318	847917	805104	836710	360388	546205	746713	847305	848580	844248	848760	845340	847523	846904	96212	848595	381232	845438	823734	847780	847046	846879	848464	846249	835432	846994	650629	848324	819020	846644	846925	848058	847791	712608	848437	843779	846322	847936	848156	848436	848184	848840	847466	721751	805668	846026	814257	808587	835524	847132	706960	843809	837045	806710	843689	581227	827433	803127	838904	798115	839418	830741	587	0	709	567	681	582	576	578	702	3	716	713	0	117	594	696	680	696	712	42	37	590	58	472	479	717	687	724	660	689	718	0	675	34	581	0	586	712	692	478	712	576	688	729	469	717	570	644	702	0	465	708	695	591	715	712	4	703	0	54	63	0	508	487	0	39	34	711	695	576	720	28	0	728	67	0	0	730	479	0	0	71	236	474	472	595	707	464	476	0	0	0	707	0	722	0	755	657	408	700	0	703	597	1	584	365	704	573	549	0	1	712	129	4	707	617	431	225	373	431	712	0	40	0	1	696	0	50	0	177	689	627	725	0	732	736	688	629	702	132	688	0	707	696	677	0	3	698	667	714	469	0	723	0	594	720	0	502	580	0	504	0	572	519	658	0	631	680	354	0	629	692	480	547	632
NC_063220.1	22000001	843227	842604	842704	842652	823966	840677	841845	840902	839915	839330	840623	830144	838587	51949	153914	841338	840354	841357	841815	842560	56802	131127	841441	76526	841690	841863	841878	840761	842157	824859	837198	841395	650232	824848	96981	841462	52676	841191	841455	841694	841480	836998	841303	840553	841916	841342	841746	840284	825536	840196	101422	840974	842702	841568	839435	841459	805018	229679	835958	841290	80941	213776	841610	812919	838297	842289	67171	90408	842448	839598	841050	842624	57766	841762	841954	106470	842091	842938	841790	842678	781899	839960	104737	298797	841599	841534	842769	842581	841148	842210	842527	842735	842663	842603	842748	825334	842546	842624	834664	772128	838733	837388	842683	842930	840652	842117	526294	842113	750094	732277	653726	836050	842185	237507	305750	841957	785540	826061	276794	489445	714534	842067	842946	835806	842998	839508	841494	841104	62693	842852	322072	838781	805689	841698	840489	840971	842804	839877	835097	840985	612030	842437	800522	839559	840875	842651	841580	686182	842397	838032	841345	842071	842083	842476	842472	842771	841257	681912	774983	838753	787703	788152	832883	841545	653579	836479	825215	783615	835898	504846	811237	777921	827806	774404	830305	823082	447	0	641	395	539	448	438	433	526	2	552	604	0	55	442	538	539	536	643	26	40	447	23	540	560	560	620	619	478	600	553	0	481	36	436	0	442	611	635	557	526	439	620	564	556	609	427	477	539	0	549	548	538	450	614	499	0	583	0	29	98	0	386	512	0	27	40	647	607	440	621	34	2	556	34	0	0	626	556	0	0	38	119	556	547	448	637	541	555	0	0	0	640	0	541	0	584	513	488	550	0	546	452	2	443	252	645	445	456	1	0	615	82	2	609	535	510	141	286	331	646	0	536	0	0	626	0	34	0	117	538	469	554	0	573	572	533	521	553	279	537	0	634	540	623	0	4	543	599	615	545	2	621	0	447	561	0	379	429	0	373	0	440	376	514	0	484	583	282	0	523	518	362	420	557
NC_063220.1	23000001	825743	825093	825058	825217	814012	822941	824325	823025	822757	823652	823652	803713	820571	35040	156771	824812	823342	824080	824383	825160	31041	108131	824310	42671	823869	824868	824339	823453	824569	814339	818750	823993	502518	814889	88967	823655	39038	823815	824120	824544	824483	817944	823910	822903	824474	823664	824405	822936	808794	822882	69043	823760	825210	824277	821281	824236	763426	193436	819111	824431	53970	152743	823997	791065	820330	824822	45585	63914	824625	821499	823513	825266	36933	824205	824452	102785	825062	825539	824859	825277	745725	822658	86819	231997	823651	823598	825135	825104	823599	824749	824857	825158	824732	824917	825305	795828	824982	825049	817786	735010	821891	820277	825292	825322	823333	824694	453376	824997	704636	683867	582065	817242	824634	211257	229465	824388	751790	805717	222026	398070	670109	825029	825381	814184	825469	821957	824087	823676	40696	825389	259125	821036	776258	824027	822955	823840	825338	822220	818375	823268	557228	824860	767941	821289	822580	825190	824369	628007	824966	819241	824196	824538	824483	825084	824924	825325	823787	623280	734213	819845	746904	752420	817051	823946	584721	817908	801004	747136	817395	432830	778140	740840	801246	746891	806149	801385	368	0	562	337	623	366	365	352	634	100	630	686	3	57	538	632	631	629	559	20	31	363	13	499	522	456	538	714	588	525	456	0	420	38	369	0	360	698	554	514	427	360	534	456	506	695	360	578	452	0	508	613	630	371	699	500	0	677	1	36	46	0	282	598	0	19	15	564	694	362	713	13	0	456	37	0	0	716	522	0	0	36	109	512	513	369	561	507	516	0	0	0	559	1	599	0	489	422	426	448	0	642	375	4	368	251	564	487	477	24	0	703	94	1	701	438	439	128	236	265	564	0	478	0	0	551	0	18	0	80	433	381	457	0	467	468	624	410	444	198	624	1	560	443	541	1	68	644	522	704	512	0	712	0	370	458	0	235	358	0	248	0	349	273	595	0	363	653	239	0	557	411	265	342	502
NC_063220.1	24000001	830072	829536	829535	829601	826538	827123	828452	827282	827866	828619	827936	826824	828270	58326	308029	828215	829075	827111	828366	829508	110704	182310	828580	143487	828361	828360	828350	827730	828984	824273	824960	828344	802227	825235	157921	828227	68644	828077	828442	828569	828105	826229	828090	827567	828879	827816	828397	826895	825777	827052	172455	827849	829457	828259	829322	828178	822840	388809	827397	827858	178498	322615	828073	811127	825545	829246	126778	151892	829748	826937	828346	829518	101809	828872	828767	223904	829100	829648	828505	829522	814718	826908	155808	391519	828699	828586	829432	829533	828003	829349	829410	829682	829313	829331	829650	826660	829281	829363	821601	784037	827360	822705	829445	829540	827735	829008	568733	828790	763616	751815	680770	826042	828714	249045	332784	828790	791255	816757	354344	544565	727750	829272	829545	825533	829791	826437	828400	827775	100215	829676	381530	826389	811256	828854	827397	828634	829654	827043	820928	828232	641649	829290	805471	828416	827418	829315	828944	706276	829281	824976	828122	828890	828996	829456	829039	829720	828295	717467	790141	827061	802365	796511	816223	828368	705029	825144	820068	790556	825395	575543	811600	787397	822156	787611	820796	814613	667	1	726	659	746	655	657	653	775	351	354	373	10	176	733	774	743	813	734	54	65	667	76	575	593	825	706	373	754	685	825	0	797	58	663	1	658	371	721	587	824	659	710	829	576	367	642	746	816	0	577	591	766	671	373	346	0	362	0	114	134	0	594	734	0	75	77	733	378	657	376	52	0	829	126	0	0	379	586	0	0	42	84	582	570	672	728	572	585	0	1	0	727	0	356	0	572	751	509	820	4	770	673	268	668	408	776	643	291	257	0	371	62	0	404	611	539	96	377	521	732	0	563	0	0	711	0	21	0	248	798	757	826	0	844	847	759	737	823	439	765	0	730	795	701	0	247	770	687	376	580	0	375	1	668	839	1	620	650	0	618	0	646	622	513	0	738	357	373	2	321	804	579	621	652
NC_063220.1	25000001	313081	312928	312976	312960	310698	311978	312707	311956	312265	312179	312056	312280	312361	20838	90493	312152	312697	311711	312561	312942	33673	64712	312448	47151	312575	312271	312653	312158	312709	309475	311358	312435	309551	310747	47631	312480	22153	312433	312512	312708	312104	311881	312349	311991	312694	312275	312416	311988	310865	312157	56837	312267	312893	312375	312917	312361	311462	122941	312016	312123	53522	108397	312454	304138	311607	312791	38835	48430	313010	311892	312621	312916	29429	312645	312642	63563	312501	312929	312195	312894	308749	311950	49079	135146	312716	312562	312937	312933	312364	312917	312904	313009	312936	312954	312964	312320	312911	312919	310008	293796	311902	310643	312890	312729	312146	312738	205698	312583	285882	279120	254833	311537	312660	107697	122906	312680	295362	307276	118887	195146	270397	312589	312987	311187	313009	311416	312531	312273	31739	312942	129226	311301	302869	312524	312125	312383	312874	311718	308975	312252	238709	312787	303128	312343	312160	312811	312545	262631	312821	311078	311991	312651	312741	312871	312820	312954	312457	263445	294027	311723	300925	298729	309157	312547	260774	310963	308757	298522	311584	204309	304533	294484	308703	292204	308664	306664	364	0	358	349	340	359	361	356	352	0	278	278	0	74	358	351	343	345	359	24	41	369	35	319	324	342	352	277	339	346	337	0	322	34	355	0	361	272	353	319	333	361	346	338	313	276	352	339	329	0	319	327	346	369	273	274	2	272	0	44	66	0	321	341	0	29	44	358	275	357	279	23	0	343	58	0	0	280	328	0	0	31	92	321	317	367	354	318	324	0	0	0	358	0	278	0	238	315	279	333	294	353	370	315	347	184	369	279	216	192	0	270	55	0	339	298	288	91	150	287	355	0	318	0	0	352	0	26	0	91	315	297	330	0	344	347	331	300	336	216	346	0	358	333	344	0	0	350	332	282	328	1	280	0	368	340	0	309	361	0	308	105	345	237	0	1	303	256	188	0	234	320	292	336	314
NC_063220.1	26000001	841093	840492	840627	840611	835057	838606	839799	838619	838725	839401	839136	833734	838432	43056	232822	839836	839601	839176	839582	840478	56626	143615	839840	79882	839558	839907	839586	838813	840291	832384	835024	839676	744506	833420	111685	839240	51539	839253	839489	839680	839627	835633	839478	838543	839990	839211	839796	838451	833166	838269	108386	839050	840544	839633	839849	839646	817834	290540	837907	839487	106588	240881	839169	815588	836674	840057	82999	105477	840788	838130	838876	840485	61646	839650	839663	162676	840167	840821	839761	840653	805352	838039	108804	311433	839688	839399	840628	840497	838841	840141	840373	840723	840235	840343	840630	832820	840389	840641	832758	773688	837489	834714	840491	840718	838838	840084	519427	839979	751674	735757	643685	834301	839933	221642	290495	839993	787172	822459	281002	476411	712163	840108	840750	833543	840699	837163	839324	839071	64693	840680	319007	836296	809045	839515	838654	839188	840698	837633	831969	838650	606353	839928	802434	837769	838383	840568	839457	676847	840352	835091	839186	839642	840071	840394	840107	840641	839110	679568	780214	837480	792712	789352	833642	839211	658642	833780	824245	781655	833532	508822	810357	776686	826095	782907	824932	820854	789	0	792	815	915	864	854	856	926	1	714	742	0	109	1044	743	925	765	1041	29	87	867	36	857	873	771	999	772	876	966	760	0	723	50	856	0	853	0	1023	861	746	848	759	774	841	763	759	877	743	0	853	872	955	875	765	631	4	748	0	56	113	0	708	895	0	33	54	1050	765	844	772	24	392	761	87	0	1	0	807	0	0	46	166	826	853	728	789	765	775	0	0	736	794	0	712	0	832	722	686	807	795	965	876	822	831	433	874	739	553	488	0	766	105	1	697	661	823	191	337	620	1043	0	751	0	0	1019	0	46	0	174	727	676	846	0	780	721	926	683	692	497	915	1	1034	739	990	0	291	929	964	769	861	385	763	0	871	762	0	728	838	0	735	828	846	506	0	1	631	0	443	1	627	712	695	793	915
NC_063220.1	27000001	828645	827824	828061	827897	824123	825311	827360	826145	826413	826993	826059	823558	826348	40994	238007	826078	827303	825803	826980	827719	75735	144533	826668	108709	826672	827041	827207	825531	827475	821712	823351	827178	786481	824026	116499	826481	48999	826629	826899	826906	826384	823978	826825	826300	827205	826006	827001	825553	823686	825655	151123	826180	827822	826921	827555	826916	812603	313850	825557	826463	137337	304892	826628	812069	824568	827642	92386	137031	828187	826100	827001	828036	90199	827130	827463	166233	827269	828376	827089	828131	806040	825722	134445	387721	827179	826802	828130	828006	826373	827606	828026	827986	827725	827972	828301	824200	828013	827615	821415	780856	825481	822891	827964	828447	825202	827539	573645	827302	761465	755338	687358	824231	827699	328443	366640	827554	786897	812836	365300	544809	728393	827182	828247	824411	828202	824786	826716	826065	94312	828316	377871	824498	807494	826991	825740	827120	828407	824666	822073	826583	641792	827476	801803	826069	825670	827908	827321	700690	827403	823559	825951	826952	827175	828025	827491	828234	826512	714717	782820	825265	797574	793673	817059	827317	703536	820419	817202	789831	822714	579300	806755	780652	817697	778144	818852	811083	42	0	43	524	1003	547	542	526	1045	216	309	318	6	147	946	788	1017	874	953	53	76	548	13	932	961	583	914	322	494	915	578	0	550	59	547	0	547	197	939	955	548	541	40	583	942	314	42	1004	577	66	933	961	512	556	317	289	2	319	0	30	178	0	475	496	0	20	69	958	315	543	319	16	932	577	98	0	0	202	321	0	0	16	93	315	949	323	42	345	782	0	0	522	42	0	753	0	789	545	859	525	874	517	553	930	541	263	552	437	249	239	0	316	93	0	355	30	950	111	263	407	955	1	346	0	0	935	1	24	0	143	546	814	743	0	590	362	490	525	339	361	1008	0	946	548	913	0	546	1038	903	317	365	940	324	0	550	568	1	660	534	0	660	925	530	430	0	0	801	191	531	1	277	550	643	109	844
NC_063220.1	28000001	845482	844864	845081	845023	841454	842536	844198	843086	843340	843268	842612	842524	842600	60758	251992	842911	844492	842894	844082	844929	86122	164871	843713	116314	843996	843370	844143	842927	844434	838857	840389	844049	831019	840858	134550	843559	67238	843805	843867	844154	843050	841709	843427	842993	844364	843523	843817	842619	838559	843031	150127	843353	844994	844062	845037	843885	837874	326684	842421	842866	139155	290669	843958	827161	841408	844628	97562	135925	845309	841726	843849	844939	89126	844186	844255	162148	843886	845266	843062	844980	831037	842759	142121	365483	844213	843937	845035	844831	843043	844586	844896	845155	844547	844922	845263	843441	845031	844906	835496	792988	842845	838080	844912	844602	842469	844477	573850	844418	773223	759957	690680	839977	844015	271818	349507	843947	801852	830732	340899	545112	736464	843894	845135	840773	845295	841724	843722	843478	94227	845204	369536	841378	819517	843784	842968	844029	844890	842196	836585	843138	641967	844639	815705	843270	842961	844323	843994	709133	844678	840361	842661	844248	844384	844787	844610	845105	843011	716411	801124	841693	813135	805749	835573	844085	708596	839285	832928	798002	839917	567821	821078	795249	835230	791979	834520	826501	441	0	440	623	75	790	386	382	76	846	0	0	22	171	466	893	76	67	465	46	59	389	29	460	464	385	458	0	582	440	383	0	374	61	386	0	388	444	464	457	383	389	435	394	458	0	427	655	375	48	461	471	822	394	0	0	0	0	0	49	118	608	331	586	0	27	55	469	0	0	0	25	898	636	5	0	0	457	0	0	0	0	2	0	459	0	443	434	892	6	0	833	439	0	456	0	459	365	58	382	418	829	395	66	389	337	392	501	1	0	0	0	1	1	424	383	68	0	221	304	469	0	423	0	244	455	0	0	0	133	604	51	63	0	393	440	583	345	425	276	76	0	464	373	456	0	590	76	442	0	0	891	0	0	398	625	0	705	31	0	712	455	388	306	601	0	402	423	249	0	0	194	664	0	410
NC_063220.1	29000001	816577	816242	816105	816114	812130	813880	815360	814059	814480	815527	815345	814159	814137	44658	246578	815400	815472	814249	815264	816031	76368	135047	815796	108943	814899	815626	815333	814208	815465	809361	812549	815126	808597	809070	104989	814587	45706	814933	815028	815068	815649	813694	814739	814158	815434	814772	814961	813863	812769	813744	153876	814242	816047	815044	816117	815001	810507	322029	814086	815576	140389	353792	815200	804750	813161	815806	100106	172501	816398	814490	815057	816079	99500	815463	815358	181089	815946	816238	815621	816140	806207	813547	149092	449843	815118	815290	816195	816129	814331	816025	816051	816260	816121	816090	816322	814458	816104	816009	810113	784189	814244	811639	816017	816293	814564	815477	625015	816090	769455	766411	711806	812941	815745	327125	421709	815520	784033	805944	412021	598362	741178	816157	816440	814085	816452	813512	814880	814671	111486	816302	439900	812530	801896	815091	814366	815780	816384	812978	809074	814900	669186	815721	799721	814952	814227	816284	815402	720546	815824	813110	815005	815542	815526	816024	815666	816250	814787	738846	789791	813875	799771	790285	804095	815226	730369	811988	809026	791309	811650	624628	804182	786892	810325	781634	809601	803910	1197	180	1193	1151	3	1180	1	1	35	440	0	0	4	153	34	1074	2	393	4	0	0	2	0	33	34	1	34	0	2	34	1	1	110	11	2	0	2	109	35	112	2	1	1160	109	34	0	1157	1159	1	41	34	35	1177	1	0	0	2	0	0	0	2	1178	1	2	0	1	1	110	0	1	0	88	1168	1186	59	0	0	108	0	0	0	15	47	0	35	0	1198	1166	1138	1015	0	1202	1190	0	109	0	105	103	131	1	33	1194	2	138	1	3	2	2	2	1	1	1	4	2	1171	1057	3	1	2	5	3	1	1178	0	2	3	2	1	0	1	1136	377	108	0	1	1205	1	98	1112	3	3	0	35	2	33	0	371	32	4	110	0	1177	33	0	2	1189	0	404	104	1	411	33	1	3	1156	0	370	104	2	0	99	3	391	0	4
NC_063220.1	30000001	846504	845898	846012	846089	844140	843671	845336	844014	844812	845028	844159	845259	845368	62760	353280	844311	846020	843682	845135	845945	136162	197158	844883	188308	844891	844616	845122	844061	845506	840302	843174	844994	843058	843615	164224	844613	76608	844727	844897	845107	844530	843926	844714	844114	845395	844540	845021	843897	843731	843821	225788	844248	845971	844920	846026	844941	843811	439617	845056	844301	230033	406953	845083	836032	843297	845795	156353	213748	846197	844510	845036	845921	139292	845364	845233	267627	845310	846172	844628	845975	841381	843650	195835	487267	845144	845225	846126	846058	844295	845618	845693	846080	845927	845857	846109	845256	846015	845973	837554	813408	844357	839744	845889	846250	844092	845515	642480	844993	796261	793072	738740	842907	845549	328418	422242	845397	816176	835429	435150	629571	765929	845033	846289	843668	846286	843275	845027	844555	141092	846200	457766	842807	832630	845173	844525	845282	846076	843084	837330	844417	694481	845709	829389	845391	844229	845630	845465	746058	845773	842455	843978	845502	845432	845864	845778	846116	844428	770393	818900	843467	827951	822137	830622	845220	761570	841364	839574	819787	842841	655917	834221	815732	840036	811306	839824	833106	804	811	809	800	217	797	0	89	771	770	0	6	31	160	763	618	434	762	0	77	104	0	12	755	772	0	740	0	0	742	0	7	800	52	0	0	0	820	764	491	0	95	833	491	749	0	782	797	0	105	750	774	796	0	0	0	1	0	0	0	1	787	0	0	0	0	119	834	0	0	0	57	682	799	143	0	0	834	0	0	0	115	328	0	761	0	809	783	706	0	0	808	801	0	817	0	828	442	286	0	708	761	0	304	0	0	0	2	390	0	0	0	0	0	793	722	0	1	0	0	446	95	845	0	0	440	0	1	0	2	758	719	807	0	0	812	0	718	784	9	0	0	770	0	735	0	603	769	428	821	0	842	765	95	0	794	69	701	807	0	702	747	91	2	772	0	709	782	283	2	736	0	685	0	3
NC_063220.1	31000001	850319	849711	849749	849610	847212	847449	849129	847615	848492	848248	847369	848744	848701	69100	336894	847319	849607	846834	848636	849779	136588	193730	849118	183920	848563	847631	848892	847756	849192	843359	846834	848629	848011	847374	158818	848593	76062	848325	848698	848965	846936	847455	848404	847985	849007	848220	848498	847354	846820	847603	219332	848259	849807	848244	849537	848448	847392	411909	848540	847231	218034	412440	848725	840427	846836	849560	149328	217979	849977	848233	848905	849831	147536	849007	849201	234274	848482	849925	847272	849693	845683	847574	200923	496362	848770	848917	849921	849552	847737	849227	849164	849802	849597	849609	850100	849240	849741	849439	839840	811518	848027	843737	849699	849819	848148	849063	648906	848514	798183	793365	734568	847077	849324	336275	418446	849079	816782	839739	442984	627675	771672	848493	850081	847517	850080	847094	848809	848455	143983	850035	465382	846269	836631	848699	848077	848713	849866	847576	839342	848073	697554	849325	830259	848937	847945	849529	849063	750500	849604	845715	846920	848983	849176	849595	849448	849948	848229	768300	818865	847384	828312	825858	832685	848694	761056	844431	843292	822421	845945	662118	836421	817104	843713	810909	842231	836317	682	685	682	678	695	676	311	673	756	447	2	444	20	165	445	666	725	730	316	50	67	314	76	449	454	311	433	0	300	441	311	0	700	59	305	0	310	628	447	632	302	676	624	635	442	2	673	757	303	75	439	456	770	316	2	2	1	2	0	0	60	677	287	296	0	24	85	637	2	0	2	63	632	684	140	0	0	633	3	0	0	97	277	2	443	2	688	662	544	0	0	772	681	0	633	0	631	573	567	304	420	633	315	610	310	198	316	272	392	0	0	2	0	3	670	617	1	2	178	264	451	778	630	0	295	448	306	0	0	119	647	713	540	0	2	688	302	624	661	222	0	0	451	301	439	0	612	748	416	623	0	619	452	770	317	664	622	675	540	301	676	440	668	248	738	0	412	602	319	0	578	298	669	0	287
NC_063220.1	32000001	811785	810948	811287	811286	809474	809134	810335	809408	810264	810627	810468	810116	810592	50315	325228	810497	811135	808624	810427	811175	114335	188078	810709	158047	809908	810844	810486	809213	810864	806642	808525	810356	809541	808477	156021	809839	63477	809988	810180	810478	810482	808866	809937	809545	810529	809598	810196	809112	808999	808938	202504	809513	811147	809991	811231	810054	808876	425853	810079	810531	212706	378280	810392	800962	808238	810956	136167	167344	811539	809501	809920	811188	111772	810594	810544	243235	811001	811532	810842	811214	804566	809210	158774	437150	810302	810079	811440	811305	809529	811173	810956	811197	811285	811242	811510	810398	811192	811343	804135	774656	808898	806433	810935	811118	809647	810605	590582	810639	757363	757997	693722	808306	810796	338959	392146	810680	776855	798901	388618	569196	721964	810860	811297	808655	811500	808188	810096	809705	118329	811410	414536	807465	798069	810334	809525	809877	811032	808087	804755	809534	653840	810517	791457	810181	809345	811391	810608	704346	810815	807602	809916	810480	810839	811106	810928	811183	809789	727569	776319	808769	791747	783063	796265	810005	720857	805159	803182	782277	807386	600550	797151	770898	804879	777815	802834	797699	162	170	174	170	912	168	437	159	462	26	0	6	0	26	20	159	440	442	449	7	2	462	17	3	18	445	1	0	440	24	439	26	895	63	443	0	450	650	4	660	442	166	637	666	17	0	156	438	446	0	3	12	422	453	16	0	10	10	15	0	116	154	414	433	8	37	7	658	9	0	13	68	647	169	82	1	0	658	1	1	1	64	245	11	10	1	160	158	805	0	9	432	158	16	662	1	655	599	579	432	20	664	462	628	458	294	465	399	3	8	0	0	1	15	157	161	16	1	276	382	2	451	656	23	440	13	451	0	0	196	155	427	789	0	16	174	433	859	167	345	19	12	3	411	5	0	364	457	4	662	9	645	23	424	462	158	350	419	807	428	419	25	166	359	410	13	8	616	6	18	591	433	405	1	413
NC_063220.1	33000001	827205	826412	826569	826521	823562	824478	825673	824283	825640	825692	825844	824564	826114	91717	433725	824822	826646	822022	825662	826407	337497	293707	826010	379557	825284	825454	825365	824694	825871	812178	815954	824955	824137	823956	232876	825152	117140	825200	825114	825561	825252	825041	825181	824657	825774	825022	825349	824113	812713	824442	412719	824578	826385	825224	822263	825073	818258	562723	825725	824224	389421	552639	825742	808544	824370	826330	269995	411575	826453	824675	825982	826489	345895	825889	825704	362413	826088	826515	825357	826360	804659	824791	412821	601648	825633	825953	826557	826574	824557	826625	826379	826667	826581	826544	826734	826376	826481	826328	817478	806671	825310	818262	826467	825714	823958	825901	702413	825468	793726	773284	765565	824938	825476	465285	605458	825226	802793	819832	571200	699300	782116	826025	826498	824346	826853	822986	825577	825231	347329	826779	599607	824251	810679	825699	825268	823134	826312	824784	808317	825369	724278	826379	813252	826235	824871	826585	826171	756456	826471	823155	824706	825608	826334	826457	826089	826748	825724	752389	811083	824967	815492	811156	791542	825451	774884	823009	823161	808038	824738	702485	817845	808073	823060	788993	823333	815771	199	206	200	200	721	188	4	194	815	813	0	796	47	186	810	609	774	799	4	257	141	8	40	793	810	4	774	0	10	801	4	9	721	78	4	1	17	737	794	318	16	203	712	317	799	0	189	202	17	309	782	808	194	7	3	0	11	9	5	1	14	191	5	3	14	2	367	732	13	0	13	107	318	198	288	0	0	738	0	0	0	295	523	11	799	0	193	188	753	0	10	194	190	12	746	0	733	286	298	3	742	330	17	311	17	4	17	12	741	0	0	1	1	1	186	192	14	1	4	4	804	210	741	13	18	792	16	1	0	5	182	780	747	0	14	207	17	616	198	4	19	5	805	4	771	0	751	809	758	736	9	729	806	194	18	190	164	784	759	17	779	777	193	4	188	12	787	721	683	13	718	14	768	0	4
NC_063220.1	34000001	201736	201535	201414	201429	200809	200721	201169	201026	201298	201170	201372	201574	201311	18200	86870	201292	201577	200414	201239	201503	58888	51398	201455	69320	201124	201229	201325	200948	201256	200582	199640	201089	200965	200577	47004	201164	18952	200951	201184	201246	201244	201012	200880	200674	201109	200945	201252	200695	200647	200920	87343	201151	201361	201050	200884	200834	201478	115608	201136	201115	66684	139845	201452	200178	201330	201461	45492	98742	201582	201438	201546	201516	70707	201388	201325	62043	201500	201599	201331	201478	200358	201187	90552	170160	201199	201313	201550	201529	201108	201566	201468	201499	201501	201587	201538	201522	201557	201445	200081	199631	201457	200501	201510	201595	201087	201420	189438	201530	198710	196570	194666	201552	201489	142466	171630	201459	198523	200376	160873	188833	195636	201393	201506	201398	201564	200764	201185	201330	78707	201638	167098	201274	199511	201355	201329	200947	201534	200973	199077	201243	187610	201532	199744	201685	201189	201607	201425	193019	201430	201224	201050	201154	201407	201526	201431	201575	201347	195398	200854	201222	201405	200388	190631	201299	197968	200868	201087	200965	201433	189728	201111	199835	201350	196439	201084	199534	2	1	0	6	169	2	0	0	127	125	0	119	3	24	126	122	114	120	0	21	19	7	0	118	127	0	112	0	6	125	0	3	172	28	0	0	4	176	121	161	3	4	171	166	122	0	0	3	5	26	118	124	0	3	7	0	3	5	4	0	2	0	3	1	6	0	42	179	3	0	4	41	158	7	21	0	0	178	0	0	0	45	141	3	119	0	0	0	179	0	2	0	0	2	184	0	177	145	157	0	122	167	9	151	6	6	8	7	122	3	2	0	4	9	0	9	8	2	0	8	121	8	180	7	5	124	6	0	0	0	0	120	180	0	7	5	5	156	2	10	5	2	122	0	120	0	118	128	117	178	6	174	121	0	7	0	0	128	183	5	127	122	8	0	0	8	127	175	116	5	180	6	123	0	0
NC_063220.1	35000001	560480	559380	559785	559853	557231	558535	559029	558559	559526	559405	559130	560095	559941	62302	339692	559006	560263	556672	559369	560085	169488	198607	559450	214999	559333	559186	559466	558818	559597	555323	556920	559150	557106	559106	183040	559233	76928	558483	558261	559568	559490	558046	558296	558413	559030	558258	559256	558728	557297	557267	223033	559054	559506	559026	556642	558421	559964	381618	559184	558995	223356	336073	559651	555006	558766	559328	142218	184607	560101	558026	559643	559347	148612	559857	558922	210090	559978	560153	559850	559942	559442	558777	207929	371201	558822	558975	560186	560083	558800	560134	559973	559858	559915	560107	559846	559180	559965	560132	556178	542751	559125	554783	559317	559303	558610	558990	450544	559017	531699	532190	501618	558531	559267	292181	343640	559305	536692	551528	336413	444295	515671	559902	559204	558229	559458	556853	558486	558105	133832	560156	349398	558147	553492	558948	558769	557890	559003	556869	550490	557924	473888	558332	549834	559613	558670	560269	559564	502501	559174	558195	558602	558964	559588	559264	559669	559733	559369	521100	545980	558009	550665	547061	531340	557881	521410	557206	556109	547614	558050	458424	551644	540053	556740	535003	556919	552189	200	201	206	212	207	205	106	182	337	321	0	294	20	89	314	224	306	311	109	83	67	140	18	288	316	107	287	0	136	312	107	21	211	78	105	0	128	121	290	272	148	205	96	290	303	85	194	182	127	75	201	227	154	119	25	89	18	112	35	0	56	186	116	105	26	22	85	107	24	10	20	74	271	200	86	0	0	107	89	0	0	31	66	15	223	0	185	181	293	10	18	162	186	15	133	0	106	250	253	110	305	294	141	259	131	117	138	130	259	25	2	1	3	17	188	197	59	14	77	128	295	201	125	30	131	311	134	1	10	57	182	301	315	0	39	233	123	213	216	125	203	28	296	130	281	1	270	328	284	130	19	102	316	156	126	184	130	334	300	123	317	112	214	96	150	31	319	102	250	22	141	140	318	0	100
NC_063220.1	36000001	703129	702416	702580	702609	701588	700171	701710	700370	701732	702335	702297	702561	702537	55135	390367	702244	702661	698507	701702	702468	277450	187900	702397	323618	701473	702595	701596	700979	701784	700043	702087	701278	701665	701527	160569	701254	56613	701141	700934	701791	702320	701310	700946	700739	701989	701106	701583	700503	701869	700313	355188	700781	702350	701211	700949	701110	701852	491514	701858	702138	381078	483991	701980	700236	701342	702239	224101	329490	702549	701650	701524	702393	239588	702269	701877	368670	702739	702615	702561	702555	701629	700458	274648	562574	701409	701735	702442	702580	700894	702659	702225	702631	702477	702569	702490	702419	702455	702337	698120	690815	701567	698308	702381	702776	701002	701976	635245	702456	686026	689430	668836	701137	701603	432234	539894	701551	687334	695580	494825	632954	667950	702782	702361	701787	702606	700147	701571	701088	225598	702609	531215	700404	697629	701859	700384	701559	702088	699780	696720	701331	634246	701937	696755	702749	701014	702984	702031	659140	702366	700874	701682	701524	702064	702294	702187	702582	701646	681289	694473	701198	699421	694099	671954	701202	679689	699500	701197	698027	700642	638206	699137	693603	700271	691030	699854	694504	635	639	641	639	629	633	594	626	463	606	2	597	13	97	604	326	441	451	620	141	63	624	85	583	602	608	577	3	618	602	597	5	608	59	596	0	605	6	594	598	457	623	1	597	580	586	621	594	589	170	0	3	589	600	4	600	4	600	4	1	252	632	601	612	6	104	190	3	5	0	4	116	594	628	134	2	2	2	592	3	3	1	4	4	3	1	637	620	633	0	5	591	640	5	6	3	1	538	573	600	567	594	625	575	609	519	625	595	565	15	0	1	4	11	618	609	10	1	520	571	604	593	4	7	591	592	594	1	1	408	607	446	617	0	12	649	591	563	615	543	583	7	602	440	583	2	422	460	569	4	5	1	598	592	622	629	556	447	626	618	445	10	644	590	566	7	591	1	495	6	10	604	438	3	572
NC_063220.1	37000001	744385	743262	743453	743572	735416	740738	742396	741328	742935	742014	741977	741099	743595	69225	407422	740261	743551	737797	742317	743472	477150	263555	742648	505471	742072	741351	742362	741737	742666	732374	726752	741244	684290	738573	232049	741881	100035	742192	741847	742531	740949	742589	741794	741868	742887	742068	742558	740778	720147	740970	515210	741900	743226	741596	735274	741868	728820	589083	743075	740283	534109	604214	742965	727844	742618	743588	374500	531413	743558	742926	742475	743547	452441	743269	743044	488914	742047	743657	741323	743409	721887	741954	501177	626521	742384	742940	743549	743483	741190	743487	743100	743803	743003	743454	743812	742880	743539	743343	734679	738272	743176	736239	743738	742869	741324	742910	679228	741943	726920	695349	724866	742479	742218	531588	661302	742712	723780	738905	612419	688165	727039	742134	743196	743339	743813	739737	742923	742407	457994	743626	629866	741863	731038	742862	741442	738306	743128	741946	724228	742586	681429	743262	737178	743884	742313	743252	743011	699798	743124	741558	740245	742359	743275	743293	742947	743707	742768	681269	740532	742440	742562	735475	697456	742663	728084	741203	742563	735308	742523	689019	741118	739602	742469	704113	742351	736549	464	669	472	663	786	162	674	662	713	317	0	315	16	197	495	702	660	702	651	217	97	649	224	486	498	644	483	0	635	490	628	0	765	67	624	20	632	568	489	494	753	647	282	258	480	474	656	610	629	168	238	244	597	595	0	469	0	487	0	46	377	662	636	707	0	199	225	464	252	0	202	196	260	655	375	0	0	589	476	0	200	230	233	199	241	0	673	660	517	1	202	613	670	203	468	202	590	222	251	749	456	259	643	266	683	650	648	697	454	0	91	0	0	355	501	648	0	0	586	618	495	616	468	0	675	493	697	1	0	502	644	701	683	85	1	665	693	630	644	697	605	0	500	737	573	0	716	710	461	456	0	457	496	609	649	641	571	750	538	648	748	0	656	691	598	335	488	575	443	331	292	642	724	0	612
NC_063220.1	38000001	513497	512454	512830	512605	487303	511296	511911	511642	512467	511630	512389	505906	512748	72562	317697	510134	512535	507801	512029	512910	264474	209804	512307	301213	511780	511674	512275	511614	512119	466015	489701	511196	422283	493171	187269	511816	98922	512011	511663	511860	511229	512120	511912	511761	512444	511546	512184	511098	488190	511426	314195	511914	512687	511943	505647	511593	484639	376703	512472	510364	298988	385894	512551	502079	512103	512729	211531	310053	512882	512478	512633	512922	263646	512819	512538	269091	511989	512897	510970	512755	476463	511547	302863	417516	512217	512431	512826	512881	511241	512852	512437	512842	512746	512767	513052	512515	512836	512635	505558	507359	512831	505831	512938	511921	510051	512436	466551	511602	502934	483763	498396	512831	510960	344439	436030	511950	499227	509762	414789	474603	499230	512245	512724	512657	512994	509239	512432	511901	278443	513031	425143	511544	503365	512508	512043	508157	512209	511474	494865	512271	472863	513002	508938	513239	511971	512613	512500	485222	512865	510784	511176	511983	512851	512660	512776	513116	512327	472573	511336	512438	512202	507955	480030	511909	501349	511468	511842	506521	511610	473104	510853	508822	512210	483627	512034	505429	1	468	1	443	362	1	391	456	311	327	2	326	40	135	339	422	279	308	164	146	96	166	145	330	341	161	330	0	150	317	159	1	399	105	161	76	163	174	335	338	262	460	315	407	331	415	454	385	272	185	394	411	392	148	0	402	4	426	1	148	89	457	157	335	2	0	168	422	166	1	463	176	407	458	93	1	2	183	425	2	457	191	249	452	411	1	464	455	328	1	470	394	468	468	427	467	183	358	391	269	303	405	171	405	397	304	168	332	389	16	306	1	0	311	316	6	10	6	153	169	341	401	424	2	311	330	340	2	2	124	448	303	453	334	5	468	324	212	447	257	401	2	340	354	601	0	257	309	404	416	2	416	341	395	168	161	353	267	442	163	267	9	454	306	392	1	407	174	306	1	326	161	248	3	145
