chrom	window_start	sites_total	calls_AL101	calls_AL102	calls_AL103	calls_AL114	calls_AL119	calls_AL120	calls_AL121	calls_AL124	calls_AL125	calls_AL127	calls_AL129	calls_AL133	calls_AL134	calls_AL137	calls_AL138	calls_AL141	calls_AL142	calls_AL143	calls_AL146	calls_AL149	calls_AL153	calls_AL155	calls_AL156	calls_AL159	calls_AL160	calls_AL162	calls_AL166	calls_AL170	calls_AL173	calls_AL174	calls_AL175	calls_AL176	calls_AL177	calls_AL178	calls_AL180	calls_AL181	calls_AL182	calls_AL184	calls_AL185	calls_AL187	calls_AL189	calls_AL193	calls_AL196	calls_AL197	calls_AL199	calls_AL200	calls_AL201	calls_AL204	calls_AL207	calls_AL208	calls_AL209	calls_AL210	calls_AL213	calls_AL215	calls_AL216	calls_AL220	calls_AL223	calls_AL231	calls_AL238	calls_AL241	calls_AL242	calls_AL243	calls_AL244	calls_AL246	calls_AL254	calls_AL255	calls_AL256	calls_AL263	calls_AL266	calls_AL269	calls_AL272	calls_AL273	calls_AL274	calls_AL276	calls_AL278	calls_AL279	calls_AL283	calls_AL284	calls_AL288	calls_AL292	calls_AL300	calls_AL303	calls_AL304	calls_AL307	calls_AL309	calls_AL313	calls_AL32	calls_AL35	calls_AL75	calls_AL82	calls_AL86	calls_AL88	calls_AL91	calls_AL92	calls_AL95	calls_AL97	calls_AL99	calls_K1423	calls_K1461	calls_K1542	calls_K1544	calls_K1567	calls_K1579	calls_K1580	calls_K1583	calls_K1603	calls_K1606	calls_K1608	calls_K16100	calls_K1614	calls_K1617	calls_K1618	calls_K1623	calls_K1627	calls_K1632	calls_K1640	calls_K1650	calls_K1660	calls_K1663	calls_K1665	calls_K1669	calls_K1672	calls_K1680	calls_K1684	calls_K1693	calls_K1696	calls_K17007	calls_K17008	calls_K17010	calls_K17013	calls_K17014	calls_K17025	calls_K17028	calls_K17030	calls_K17032	calls_K17033	calls_K17034	calls_K17035	calls_K17037	calls_K17040	calls_K17042	calls_K17044	calls_K17045	calls_K17048	calls_K17052	calls_K17053	calls_K17056	calls_K17062	calls_K17064	calls_K17073	calls_K17077	calls_K17078	calls_K17081	calls_K17083	calls_K17087	calls_K17091	calls_K17094	calls_K17098	calls_K17099	calls_K17101	calls_K17102	calls_K17103	calls_K17104	calls_K17106	calls_K18010	calls_K18017	calls_K18019	calls_K18022	calls_K18034	calls_K18078	calls_K18083	calls_K18084	calls_K18091	calls_K19018	calls_K19019	hets_AL101	hets_AL102	hets_AL103	hets_AL114	hets_AL119	hets_AL120	hets_AL121	hets_AL124	hets_AL125	hets_AL127	hets_AL129	hets_AL133	hets_AL134	hets_AL137	hets_AL138	hets_AL141	hets_AL142	hets_AL143	hets_AL146	hets_AL149	hets_AL153	hets_AL155	hets_AL156	hets_AL159	hets_AL160	hets_AL162	hets_AL166	hets_AL170	hets_AL173	hets_AL174	hets_AL175	hets_AL176	hets_AL177	hets_AL178	hets_AL180	hets_AL181	hets_AL182	hets_AL184	hets_AL185	hets_AL187	hets_AL189	hets_AL193	hets_AL196	hets_AL197	hets_AL199	hets_AL200	hets_AL201	hets_AL204	hets_AL207	hets_AL208	hets_AL209	hets_AL210	hets_AL213	hets_AL215	hets_AL216	hets_AL220	hets_AL223	hets_AL231	hets_AL238	hets_AL241	hets_AL242	hets_AL243	hets_AL244	hets_AL246	hets_AL254	hets_AL255	hets_AL256	hets_AL263	hets_AL266	hets_AL269	hets_AL272	hets_AL273	hets_AL274	hets_AL276	hets_AL278	hets_AL279	hets_AL283	hets_AL284	hets_AL288	hets_AL292	hets_AL300	hets_AL303	hets_AL304	hets_AL307	hets_AL309	hets_AL313	hets_AL32	hets_AL35	hets_AL75	hets_AL82	hets_AL86	hets_AL88	hets_AL91	hets_AL92	hets_AL95	hets_AL97	hets_AL99	hets_K1423	hets_K1461	hets_K1542	hets_K1544	hets_K1567	hets_K1579	hets_K1580	hets_K1583	hets_K1603	hets_K1606	hets_K1608	hets_K16100	hets_K1614	hets_K1617	hets_K1618	hets_K1623	hets_K1627	hets_K1632	hets_K1640	hets_K1650	hets_K1660	hets_K1663	hets_K1665	hets_K1669	hets_K1672	hets_K1680	hets_K1684	hets_K1693	hets_K1696	hets_K17007	hets_K17008	hets_K17010	hets_K17013	hets_K17014	hets_K17025	hets_K17028	hets_K17030	hets_K17032	hets_K17033	hets_K17034	hets_K17035	hets_K17037	hets_K17040	hets_K17042	hets_K17044	hets_K17045	hets_K17048	hets_K17052	hets_K17053	hets_K17056	hets_K17062	hets_K17064	hets_K17073	hets_K17077	hets_K17078	hets_K17081	hets_K17083	hets_K17087	hets_K17091	hets_K17094	hets_K17098	hets_K17099	hets_K17101	hets_K17102	hets_K17103	hets_K17104	hets_K17106	hets_K18010	hets_K18017	hets_K18019	hets_K18022	hets_K18034	hets_K18078	hets_K18083	hets_K18084	hets_K18091	hets_K19018	hets_K19019
NC_063230.1	1	760503	758948	759221	759220	751364	756660	758480	756967	758420	758920	759236	735462	758770	103889	438361	757365	759343	752691	758069	759404	433538	311113	759211	464031	757892	758494	758231	757259	758750	750775	708001	757006	613750	751512	289363	758044	155957	757784	757548	757852	757875	757980	757799	757509	758345	757916	758146	757123	689826	756872	468359	757020	759076	757021	750051	757314	594044	536052	758383	757468	454315	547422	758447	732873	758363	759423	360345	486879	759338	758534	758960	759513	436536	759066	758754	419289	759413	759444	757596	759183	661757	758110	463659	565791	757881	758376	759458	759154	757240	759344	759091	759426	758926	759211	759502	757499	759335	759128	751089	751567	758694	750031	759399	759236	756442	758781	668977	758962	733969	687036	736353	759410	758328	533561	657543	758651	736346	755580	597244	677727	736401	758772	759677	758814	759881	755684	758515	758413	474303	759902	613679	758353	739707	758801	757584	753785	759166	757971	736803	758629	682906	759618	749939	759873	758397	759548	759017	702037	759193	757444	756590	758140	759236	759331	758899	759341	758892	674000	754623	758782	759132	747935	709992	758045	737566	756788	757436	744457	758502	682764	754053	753024	758063	681418	758313	750390	614	0	674	0	445	615	0	0	676	470	353	470	27	198	674	486	412	670	364	1	1	488	340	354	364	607	657	478	665	627	431	414	506	172	480	62	476	120	566	609	473	462	720	510	473	474	483	116	505	1	556	484	81	430	0	421	2	471	670	268	0	116	466	534	122	33	347	615	604	482	493	240	485	0	279	119	0	0	1	105	471	214	299	478	609	617	614	656	454	613	619	0	615	617	719	482	718	501	448	462	327	0	486	461	666	443	83	1	429	636	514	467	312	515	233	460	0	323	520	1	615	665	471	611	630	659	652	313	1	0	117	655	119	0	75	0	506	355	464	422	0	668	0	464	1	0	610	609	654	0	604	482	666	480	475	0	439	655	0	676	664	456	0	643	115	542	653	120	575	535	466	122	0	120	435
NC_063230.1	1000001	758365	756853	757289	757415	745787	754205	756183	754841	756125	755796	755536	684989	757007	85032	434506	754439	757489	750506	756049	757200	319803	292639	755047	363893	755668	754887	755941	755363	756658	743488	677120	754641	586036	746766	261765	755570	143700	755948	755859	756207	754495	755691	755727	755039	756062	755701	755899	754168	669180	754462	377800	755051	756909	755606	744551	755584	580321	506608	756665	753839	362611	503202	756733	727498	755760	757446	279963	379028	757005	756638	756332	757429	319797	756539	756813	363244	756341	757594	754694	757005	624890	755645	344532	530699	755783	756602	757212	757041	754437	757332	756786	757389	756725	757150	757461	751813	757244	756968	746786	746838	756702	748579	757246	754854	753076	756801	659945	755746	735750	695601	724124	756849	755814	445429	579363	756038	738214	753213	546803	657119	729796	755883	757018	756942	757778	753019	756485	756179	354446	757723	572200	755406	740171	756637	755595	746433	756433	755997	731448	756548	678238	757229	750560	757836	756136	756534	757003	701493	757005	754346	753444	756188	757229	757151	757020	757676	756338	693155	751839	756429	754653	747800	726664	756124	732909	754475	755697	745226	755812	677135	753169	748748	756068	691787	755021	744789	200	0	414	0	108	228	0	0	224	229	0	230	10	70	223	226	100	222	0	0	0	185	47	0	0	225	223	223	373	265	108	195	121	94	223	22	220	219	0	224	223	223	181	119	222	169	220	225	172	0	0	226	122	169	0	229	31	226	372	82	0	220	215	115	225	101	166	229	109	182	251	75	251	0	116	225	0	0	0	221	218	129	175	250	59	231	230	358	109	228	231	0	231	231	157	226	156	0	214	226	203	0	225	214	226	105	224	0	212	342	120	219	71	123	0	222	0	0	90	41	221	224	224	375	352	369	364	64	41	37	214	362	214	0	203	0	120	81	221	206	0	369	0	175	0	0	335	373	362	0	367	247	374	221	157	0	171	361	0	370	366	218	0	215	213	273	362	209	305	269	292	220	0	219	203
NC_063230.1	2000001	684495	683468	683712	683756	674140	681304	682688	681388	682953	682473	682740	646330	683448	82198	400675	681428	683531	676166	682646	683776	445928	292497	682904	474288	682376	682002	682365	681983	683056	672682	589931	681783	394551	669627	266948	682496	130075	682121	681900	682657	681669	682434	682296	681603	682761	682076	682505	681305	615341	681472	462670	681796	683560	681740	670250	681764	474802	525499	683106	681258	463533	528605	683233	656899	682793	683622	362499	488047	683370	683053	683446	683753	434352	683239	683369	434298	682941	684007	682070	683393	564771	682457	457190	516509	682086	683164	683722	683720	681713	683768	683489	683836	683488	683750	683991	680016	683696	683539	673535	677362	683153	673300	683589	681534	678973	683335	614747	682451	666206	626571	665811	683455	681074	529254	621549	681978	667484	678265	564005	623724	669881	682663	683512	683440	684091	679047	682598	682582	473532	683977	583576	681868	666082	683186	682302	675239	682735	681973	657872	682997	625972	683588	676379	684122	682457	683366	683294	644098	683537	681181	681037	682552	683418	683522	683436	683967	683219	618001	681084	682657	682832	676083	649916	682309	672040	681004	682483	673526	682488	627497	680159	680614	682342	621054	682563	673115	333	2	508	2	481	112	2	2	457	233	0	300	43	149	622	459	451	453	301	158	99	339	223	297	300	500	604	612	436	422	455	381	462	123	611	78	610	597	2	508	605	297	364	459	600	0	611	431	92	155	0	621	2	288	0	222	420	296	336	306	177	449	599	473	616	180	228	503	491	337	374	201	269	0	289	623	536	0	297	533	492	195	297	267	2	506	508	328	446	509	512	0	115	513	452	614	457	1	286	0	413	462	504	286	298	444	506	71	523	322	473	591	266	231	0	583	0	0	441	600	338	621	390	339	409	368	424	286	624	506	430	429	613	3	471	0	88	375	613	0	0	332	0	1	301	0	482	377	323	0	332	269	386	448	456	0	0	329	2	392	335	434	2	448	443	621	518	606	310	615	370	456	0	608	417
NC_063230.1	3000001	450018	448872	448952	448982	434012	448050	448458	447942	449275	448323	447258	437759	449397	48433	238677	447462	449552	445062	448880	449624	271461	175436	447751	294722	448793	448179	448790	448239	448954	432553	403715	448271	347755	437112	155621	448336	68810	447743	447705	448917	448286	448200	447859	448137	448388	447704	448650	447973	414149	447472	299174	448417	449006	448188	442646	447518	358364	345803	448335	447246	297064	353391	449126	434971	448898	449027	218374	306131	449441	448538	449435	448997	277956	449467	448653	273082	448928	449627	448156	449469	387960	448616	299317	346669	447911	448384	449619	449386	448402	449714	449416	448993	449567	449571	449066	447580	449486	449565	443134	445405	449286	442164	448505	447837	447116	448560	409595	447859	437663	420328	439355	449299	447972	342416	396276	448459	439855	445648	373719	413382	441095	448822	448834	448607	449098	445887	448075	448058	286958	449724	380655	448278	443708	448745	448943	443742	448184	447582	430658	447971	413941	448372	444550	449776	448823	449081	449488	430904	448676	447700	447288	448293	449253	448787	449353	449226	448759	417193	447129	448405	448265	444081	427859	447620	440999	447981	448919	444523	448947	413757	447906	445957	448365	417769	448438	440989	422	297	416	290	284	115	165	167	146	130	0	290	16	8	417	13	391	13	293	168	59	410	4	283	400	312	284	294	143	268	307	289	288	82	363	31	405	406	169	317	409	391	0	413	404	0	287	140	106	158	0	431	168	365	131	251	278	401	420	164	55	14	391	292	421	106	224	299	389	296	416	156	0	128	170	372	299	0	290	331	0	162	230	137	298	321	319	286	298	316	409	0	169	422	266	297	13	0	283	2	138	125	435	275	404	383	434	383	159	373	295	281	181	302	2	408	76	0	279	373	295	435	429	415	126	426	125	178	297	245	14	14	419	0	412	133	106	329	411	85	107	423	0	0	289	0	288	423	286	129	414	0	429	13	128	1	0	388	285	426	420	103	282	10	14	414	403	291	337	420	412	143	127	295	12
NC_063230.1	4000001	371334	370786	370884	370882	369429	369591	370663	369907	370533	370397	369941	370906	370957	41155	201535	369896	371056	368462	370472	371004	121540	129488	370523	150088	370327	370261	370485	369876	370736	365396	368847	370155	369676	370293	114265	370149	52798	370041	370303	370539	370335	370156	369988	369346	370385	369765	370468	369576	368769	369801	157464	370037	370761	370059	367741	369483	370988	251686	370526	369872	155465	237077	370669	367690	370156	370750	100586	148008	370901	370089	370625	370887	121240	370675	370624	140549	370668	371050	370384	371042	370119	370143	155932	261401	370320	370502	371022	371031	369793	370883	370966	370865	370927	371047	371031	370726	370955	370925	366878	363208	370489	367670	370728	370645	369763	370594	315675	370391	360241	353441	345463	370594	369912	220041	255347	370299	359177	366944	257556	315812	347403	370410	370464	370467	370971	368903	370477	370228	118918	371116	260304	369380	366063	370452	370247	369235	370645	369975	363047	370188	327548	370493	364861	370676	370015	370618	370833	341017	370770	368920	369895	370443	370739	370593	370829	371067	370579	347333	365009	370136	367173	365083	343408	370015	354090	369420	369593	365379	370254	320058	368025	363276	369576	354592	369435	364002	171	0	164	5	132	3	0	0	6	8	0	144	10	1	152	0	135	0	146	30	29	170	0	146	148	156	139	143	2	2	156	147	142	38	145	14	153	150	0	158	146	145	1	171	145	0	140	1	2	36	0	150	0	165	5	146	73	150	167	34	1	0	142	139	148	22	63	157	144	167	151	29	1	3	38	146	146	0	139	145	0	51	104	5	7	159	159	161	147	159	163	0	0	161	5	144	0	0	135	0	8	13	161	138	149	129	173	140	0	156	142	140	55	79	0	162	17	3	103	139	168	157	146	176	6	161	9	55	144	89	0	0	153	0	168	16	8	134	145	14	9	172	0	0	145	0	127	162	158	6	172	1	173	0	5	0	0	173	8	170	169	4	4	0	0	149	154	135	149	149	169	10	2	139	0
NC_063230.1	5000001	836286	835355	835816	835518	825095	833579	834781	833913	834665	832967	832836	835653	835039	98197	442776	831722	835750	831278	834774	835762	197749	300010	833741	255141	834622	832784	834814	833878	835246	811957	833789	834216	833466	828166	240527	834682	126876	834314	834313	834822	832117	834226	834299	833904	834953	834148	834880	833391	829828	833179	272430	834071	835450	834551	830925	834288	835474	494670	834112	831231	255980	452684	834760	825760	833169	835510	168279	253592	835636	833095	835197	835459	186862	835185	834868	262335	833942	835784	832269	835618	834374	833811	268798	533288	834785	834527	835737	835776	833277	835861	835500	835842	835782	835660	835928	835297	835765	835743	823977	810472	834518	826598	835642	833651	831970	835020	671696	832585	799138	787322	755590	833470	832874	356298	477696	834329	811370	828297	488875	657656	775707	833421	834797	833459	835868	830924	834527	834567	168301	835842	504988	832791	824329	834889	834312	830171	833759	833893	820244	834657	713941	835258	821764	835262	833897	833698	835132	760393	835454	831017	831364	834814	835272	835451	835387	835820	834622	763922	814228	834059	821097	818418	809592	833418	773205	831793	831340	813747	832993	674336	825645	811312	830695	803611	830536	820908	494	81	606	23	499	76	1	1	69	82	0	464	43	0	533	2	578	2	467	95	112	513	0	461	562	515	457	466	24	63	502	505	515	131	464	42	534	535	1	516	541	534	1	479	543	0	455	23	90	108	0	550	1	476	85	471	259	517	480	109	58	2	519	506	552	62	133	516	600	419	554	120	1	96	128	468	469	0	459	459	0	86	177	78	80	520	514	400	470	521	608	0	1	611	64	466	2	0	425	0	89	271	605	444	542	453	611	568	1	424	375	458	115	292	0	565	92	5	348	472	421	546	548	513	84	597	99	86	466	257	2	2	550	0	585	89	95	368	552	96	93	487	0	0	467	0	406	600	395	99	504	1	510	1	95	0	1	469	97	565	481	35	84	2	2	553	523	439	359	528	482	79	90	445	3
NC_063230.1	6000001	831360	829421	830859	830617	825485	828032	829737	828305	829771	828754	823608	823100	830251	71907	429141	827967	830918	824848	829496	830695	230808	272018	829485	301669	829065	829091	829597	828206	829995	821207	808610	828054	818380	822235	234743	829327	104678	829309	829049	829848	828444	828881	828725	820652	824487	828802	829696	827870	799220	828218	305681	828977	830511	829386	819774	824117	828988	505317	829590	827238	287944	469248	830055	813996	828376	830478	205021	277016	830307	828591	828821	830464	225331	822959	830003	268467	830061	830866	828285	830143	813803	821176	276988	512822	823492	829772	830808	830847	826748	830858	830633	830789	830822	830750	830923	829632	830725	830882	815619	807105	829377	817371	829074	827967	823975	829752	671150	828516	798542	777126	760192	828454	824009	386613	500968	819051	805161	820576	515187	673885	779014	828646	828823	829316	829824	823964	829221	829207	239197	830927	529784	826029	818314	829458	828739	819919	826512	828764	795469	828279	725388	829535	817276	824046	828434	829864	830092	764353	830553	821866	827525	828679	821720	829085	830402	830964	829442	760400	813371	829362	820523	812305	803588	827665	779744	826879	826397	815351	826512	691054	822903	810641	826798	784461	825877	810307	609	5	561	4	542	2	2	3	3	4	3	594	21	1	604	1	516	1	603	113	117	620	0	591	604	550	585	593	1	3	540	603	543	85	593	45	598	585	3	554	594	592	2	55	588	0	590	1	2	122	0	605	3	558	51	605	246	593	615	165	2	3	558	546	598	103	128	543	535	600	598	106	2	2	132	604	601	0	597	592	2	147	273	5	5	557	557	603	602	559	563	0	3	566	3	596	1	0	552	0	2	606	560	568	598	375	552	485	2	522	2	579	161	241	3	501	2	1	379	535	616	608	597	613	2	538	3	156	604	307	1	1	587	0	534	1	2	48	583	8	2	587	4	0	601	0	502	559	576	1	607	3	614	1	3	0	0	569	5	542	584	103	5	2	1	591	576	582	433	575	579	2	2	578	0
NC_063230.1	7000001	849376	848714	848941	848944	840940	846614	847873	846936	847558	847602	847241	848769	847771	91289	393056	846413	848704	844416	847847	848917	200078	258507	848187	273607	847511	846864	847741	847191	848152	830044	845987	846999	848557	842355	216012	847416	110021	847648	847408	847834	846559	847520	847603	847212	848073	847540	847745	846716	842897	846640	283291	847081	848754	847694	844875	847369	848487	490072	847885	845927	277696	464410	848088	838826	846835	848708	183290	256540	848562	846338	848099	848793	196277	848360	848051	266884	847886	849082	846814	848714	846990	846526	264473	540161	848227	848200	848817	848901	847043	848873	848848	848987	848846	848644	848939	848818	848718	848722	836599	822508	847593	839845	848804	848055	845653	848232	682621	847029	810508	798804	765889	846796	847003	348317	479176	847358	824941	842091	499076	670740	789508	847681	848321	846785	849186	844892	847817	847674	188650	848835	509867	845823	836299	848023	847294	845146	848009	846895	834572	847586	723409	848736	836300	848542	847272	847912	848150	771417	848333	845504	846374	848080	848152	848776	848531	849046	847709	776173	830097	847008	835974	830308	826282	847061	786770	844673	843774	828781	845892	692473	839132	826370	844439	810859	843131	833387	780	3	728	2	713	1	1	2	684	0	0	61	8	14	60	41	712	40	742	110	118	791	2	723	743	720	55	60	675	669	706	60	730	93	59	10	60	58	2	727	58	61	744	495	59	0	57	667	0	18	0	60	2	754	0	61	41	60	784	15	209	670	57	717	59	62	101	728	300	778	448	81	747	0	23	60	60	0	738	58	0	129	384	747	430	735	728	757	814	728	736	0	3	735	3	59	3	0	57	665	613	454	729	57	58	533	731	672	1	635	1	60	61	23	0	669	0	0	201	48	788	59	445	789	638	713	663	101	60	30	642	38	58	1	723	0	1	412	57	542	0	750	0	0	744	0	52	541	758	0	778	740	789	3	3	0	0	739	2	523	739	521	2	591	651	57	56	58	548	57	708	663	0	59	621
NC_063230.1	8000001	855558	854761	855098	855006	852715	852550	854258	852885	853831	854114	853780	854808	854366	68976	393624	853670	855021	850789	854219	855012	196382	221618	853887	256180	853968	853944	854061	852974	854622	846526	853969	853319	855210	853588	185878	853648	80263	853978	853425	854159	853495	853639	853616	853257	854262	853691	853862	852514	852772	852841	295860	852829	854964	853986	852781	853129	854475	499991	853946	853475	274775	477847	854191	846838	852588	854941	182841	261631	854858	853213	854217	855063	191921	854348	854283	274264	854330	855252	853826	854949	852956	853117	253669	567751	854247	854244	855007	854724	853126	854891	854687	854988	854547	854930	855096	854966	855014	854857	847640	831816	853828	848605	855188	854444	852738	854245	697442	853690	821272	814774	780651	853538	854146	341771	506065	854160	831334	848939	506873	687407	797990	854067	855083	853569	855292	852107	853972	853692	191162	855285	525128	852628	843976	854115	853107	853079	854724	853161	842833	853657	731855	854784	843374	854778	853674	854401	854527	777940	854725	851782	852894	854301	854535	854702	854703	855176	853938	791425	840414	853596	845785	837586	825599	853935	795397	851998	851070	837074	852749	707659	847295	836160	852199	830413	850932	844830	675	388	678	416	488	0	411	419	510	0	0	327	7	102	310	420	487	410	94	6	12	682	58	93	96	728	416	418	501	90	714	423	504	60	1	0	412	412	411	733	413	321	87	649	415	0	414	350	0	57	0	420	414	658	0	328	167	323	677	0	175	510	412	488	418	0	128	677	0	665	6	0	90	153	90	1	423	0	95	1	0	126	364	90	501	736	732	654	508	734	680	0	418	675	328	420	338	0	312	409	466	6	740	313	325	393	734	459	386	580	0	414	1	194	0	678	154	0	0	386	681	424	6	675	489	669	493	116	418	262	487	166	412	0	732	0	0	571	402	337	156	653	0	0	96	0	374	654	654	0	665	89	673	341	341	155	0	650	412	647	640	633	410	462	501	421	404	413	482	414	634	496	0	411	472
NC_063230.1	9000001	851286	850344	850631	850484	845123	848575	849747	848555	849457	849137	848469	850221	849579	73627	352219	848397	850626	846399	849656	850748	191827	225906	849283	244226	849093	848669	849767	848856	850143	836991	849246	849318	850723	846241	181293	849285	92525	849349	849355	849537	848324	849277	849274	848720	850037	849299	849485	848301	848007	848419	282513	848752	850567	849202	848608	849494	850342	444895	849487	848144	264687	496826	849857	843604	848512	850521	171269	289888	850617	848649	850094	850642	210936	850125	849685	264767	849198	850847	848108	850646	847914	848220	271102	578895	849733	849856	850669	850475	848372	850533	850347	850635	850288	850437	850765	850629	850411	850259	842210	832473	849583	843760	850671	850425	848198	850013	717510	849050	825566	815537	790308	849660	849475	389434	535248	849531	829847	845546	541932	718246	801997	849369	850655	849216	851054	847405	849329	849349	208974	850933	555376	848229	840928	849947	848796	848139	850437	848460	837913	849391	747753	850519	841835	850465	848894	849473	849956	781653	850439	847926	847463	849696	850326	850460	850089	850778	849390	798911	839520	849337	843848	837549	817365	849488	807328	847201	847553	836781	848598	731041	845168	835268	847940	825742	847508	840678	674	386	385	719	731	0	722	731	739	0	0	737	29	225	534	801	709	737	535	61	91	680	92	527	533	717	748	783	720	139	707	788	718	81	611	35	770	771	730	723	773	732	711	348	761	0	765	142	0	156	0	785	721	660	0	738	266	733	677	0	272	725	745	728	780	0	82	386	0	665	529	21	1	730	165	628	786	0	528	682	0	153	354	1	736	456	720	379	782	728	386	0	736	387	428	780	665	0	692	703	671	401	726	696	738	572	724	691	647	569	0	770	0	368	1	679	694	0	0	698	681	781	525	679	700	666	722	130	781	444	708	0	771	0	720	0	0	311	762	611	730	656	0	0	534	0	672	345	653	0	671	1	670	663	667	720	0	652	725	347	644	334	714	682	706	775	749	750	515	770	642	718	1	755	674
NC_063230.1	10000001	780218	779239	779531	779516	761183	777030	778044	777424	778848	777613	777416	743663	779542	93526	509196	775932	779611	772938	778591	779640	509001	383923	778261	538205	778118	776669	778608	777736	778497	753111	714867	777257	633033	762237	367354	778140	190853	778115	777963	778596	776541	777938	778001	778153	778789	777732	778030	776852	650664	776576	512834	777409	779181	777996	769196	778006	566156	588136	778589	775431	514230	571798	778968	742602	778689	779579	427535	533992	779357	778731	779081	779546	500276	779162	778862	489849	777922	779561	776311	779100	644985	778167	500222	535572	778180	778863	779453	779361	777672	779483	779293	779629	779056	779401	779670	776360	779469	779341	768339	773340	778814	768603	779522	778805	775363	779070	692190	777592	757327	699101	760697	779115	777737	582406	690540	778021	755883	776383	630991	702267	764190	777665	779452	779016	779983	775414	778470	778490	532516	779744	646811	777332	764942	778895	777647	771955	778731	778150	750865	778708	708938	779523	772965	779890	778241	778534	778921	730933	779328	776971	775707	778479	778950	779331	778975	779694	778644	692445	776083	778401	777715	772445	744392	778265	763416	777459	777986	767256	778689	707801	774986	773935	778362	686936	778238	769646	701	627	625	790	559	0	779	797	573	177	172	592	59	323	601	759	521	782	606	428	262	782	455	775	798	575	605	746	766	554	559	623	776	209	745	134	731	746	627	583	736	751	577	246	741	218	735	510	219	357	215	774	630	531	0	548	533	770	770	147	336	563	734	781	743	0	345	623	0	478	534	198	381	800	345	579	765	0	595	614	172	344	384	368	571	247	806	611	795	805	629	0	797	631	617	747	807	198	736	587	700	235	846	716	612	658	581	543	562	738	0	753	3	492	169	771	777	0	0	774	781	791	535	783	725	774	786	334	793	627	769	219	759	0	536	0	0	177	734	623	569	766	178	212	607	0	730	533	752	728	769	376	776	589	593	630	199	767	795	529	773	796	775	54	772	694	463	747	690	686	591	642	0	743	702
NC_063230.1	11000001	784510	783247	783622	783471	764544	781215	782585	781531	783086	782052	782100	765713	783295	109931	505278	780390	783495	778051	782854	783772	412444	374084	782657	459273	782536	781055	782606	781812	783035	748228	732219	781052	599523	764907	335013	782227	170234	782109	781844	782839	780760	782318	782049	781943	782924	782110	782533	780619	708473	781330	459508	782130	783388	782181	772751	782395	682904	571245	782778	779376	446688	547360	783061	756862	782364	783721	342450	452633	783175	782460	782875	783599	411358	783395	782927	416237	782215	783767	780354	783472	693149	781706	450675	567841	782246	782964	783718	783417	781008	783610	783348	783707	783022	783313	783875	781768	783555	783125	772740	771756	783057	772537	783722	781711	779287	782837	684356	781165	758682	705843	748182	783115	781049	530752	655565	781855	761858	777930	583844	687809	756752	782144	783122	782834	784103	778970	782922	782443	433321	783937	612735	781848	762006	782969	782241	774791	782210	782101	757567	782034	702112	783898	774203	783745	782236	782557	783092	721567	783489	780091	779696	782684	783219	783465	783081	783988	782766	700182	776958	782502	779935	773016	743859	782266	754377	780069	781445	768989	782871	693145	777582	775141	782238	709522	781372	772756	853	852	683	774	486	0	748	774	504	764	750	856	54	190	582	840	476	770	588	178	114	527	281	386	527	0	825	526	757	547	0	619	775	0	739	102	770	697	846	0	763	610	835	495	596	849	757	531	836	436	913	765	853	759	0	526	347	617	712	376	270	490	688	781	775	0	0	852	0	488	145	126	287	772	392	580	720	0	579	668	741	419	549	284	493	500	857	830	837	858	861	0	780	853	857	777	635	765	579	718	692	836	520	560	602	692	0	0	768	479	0	685	1	456	725	829	746	0	1	501	528	574	145	529	730	516	762	0	528	403	735	647	713	713	0	0	0	374	750	545	491	525	770	822	576	0	669	382	503	708	517	281	524	729	736	836	756	516	106	0	516	509	761	0	762	858	0	685	455	849	678	761	158	767	708
NC_063230.1	12000001	843874	842906	842769	843163	823667	841120	842077	840982	842317	840917	840623	843199	842637	112081	498219	838021	843223	838166	842260	843081	307104	338119	841343	383914	842058	839226	842045	841249	842242	788267	835720	841426	822556	831624	301129	841675	148121	841648	841363	842067	838098	841885	841689	841568	842503	841262	842062	840554	827806	840701	380445	841333	842960	841794	835533	841841	843034	584716	842477	837913	379666	547101	842221	835001	841157	843061	258446	351771	842828	841986	842796	843120	281445	842678	842283	353314	840885	843409	838391	843096	841451	841326	367258	611324	842228	842567	843091	843121	840872	843053	842642	842962	842741	843083	843412	842926	843025	842684	831693	826952	842141	832640	843348	841939	839673	842610	724523	840268	817902	799194	790803	842285	841060	417959	589007	842091	820694	838340	574408	721004	801841	840876	842816	842282	843585	839249	842290	841931	285298	843499	593366	840666	829933	842283	841891	837231	842122	841737	822373	841912	746220	842921	833564	843040	841731	841389	843014	780352	843123	840022	838335	842311	842516	843027	843009	843412	842224	784707	832228	841790	835737	830063	805654	841337	803544	839738	840676	829119	841327	731064	836568	828418	841004	805130	840265	831953	155	320	197	425	407	149	419	427	424	467	469	449	9	157	602	374	391	366	323	81	91	181	33	303	192	0	312	94	401	597	0	337	365	0	431	35	412	146	259	151	416	190	441	420	66	150	407	317	149	47	188	182	314	333	51	192	96	190	144	126	3	0	144	310	424	100	1	411	421	191	316	79	308	422	43	322	150	0	602	151	451	100	217	312	415	403	151	313	373	150	325	0	320	405	454	423	128	130	67	183	336	248	194	137	69	300	419	4	379	162	151	143	136	37	454	149	311	139	337	177	195	180	0	40	348	187	299	121	196	129	407	150	1	364	408	2	150	348	403	55	2	183	413	146	604	0	131	196	182	197	197	305	194	181	183	315	167	175	0	2	176	180	424	0	145	151	2	143	151	151	176	419	101	411	387
NC_063230.1	13000001	842677	841399	841784	841550	834694	839768	840819	839447	841083	841230	840894	841203	841225	67421	419764	840344	841887	836371	840512	841721	383304	261028	841239	411002	840552	840925	840875	839736	841023	829382	832995	839557	833650	834917	225153	840183	102116	840420	840261	840684	840204	840260	840120	839674	841272	840087	840377	838808	823755	839284	459332	840073	841635	839824	837010	840314	839638	570447	841012	840035	448961	592493	840957	829849	840313	841601	316359	471409	841568	841013	841150	841766	390923	841388	841377	429544	841156	841613	840722	841656	832043	840011	432296	659627	840838	841101	842045	841732	839435	841715	841153	841696	841495	841535	841851	841436	841798	841764	832621	831926	840738	834043	841601	841636	839213	841245	741564	840803	819978	791167	806259	841385	840075	504618	651061	840487	821238	838372	627678	750491	812004	841336	841843	841234	842304	838542	840627	840546	389343	841922	644902	839935	831468	840852	840372	840086	841365	839706	825506	840637	763674	841858	832660	841954	840447	841540	841205	783046	841545	839570	839812	840844	841492	841643	841507	842106	840834	779169	835331	840688	838940	830081	796784	840534	815685	838776	839418	828942	840169	755811	836907	831829	839963	800015	839339	831791	796	217	931	570	728	827	766	787	759	554	557	785	54	244	593	643	728	631	467	281	140	799	81	754	873	252	449	781	454	579	250	645	594	21	779	8	557	759	504	796	559	658	765	693	561	820	560	191	774	335	649	859	463	749	785	669	482	663	481	263	124	269	464	283	567	177	86	841	698	912	670	293	774	778	299	471	476	515	591	833	703	152	244	767	749	493	796	455	488	836	467	73	465	716	670	779	455	730	570	845	426	556	925	719	771	527	695	283	766	700	651	469	294	387	538	810	443	408	633	628	621	857	1	254	605	606	642	262	923	644	578	817	500	618	681	162	646	607	765	691	269	778	769	812	598	433	428	615	799	542	740	767	871	878	860	567	797	779	507	0	767	574	280	0	755	834	489	568	535	828	717	772	2	566	518
NC_063230.1	14000001	835907	834811	835106	835247	833562	832965	834236	832771	834358	833967	833689	834819	835074	66520	444670	832996	835321	831006	834215	835152	268642	248065	834139	330339	833963	833422	834472	833087	834563	830599	833809	833825	835428	834224	205481	833488	89347	833704	834166	834235	833221	833688	833786	833413	834399	833764	833978	832264	833287	832684	374208	833385	834879	833994	834228	833880	834761	556146	834932	832649	384940	556758	834484	831078	833618	835047	246268	354875	835113	834265	834461	835321	260209	834696	834531	386552	834144	835331	833181	834951	833272	833328	313051	633661	834226	834130	835359	835067	833246	835147	834901	835416	834825	835193	835497	835236	835184	835103	828317	820810	833743	829032	835056	834601	833217	834631	724801	833769	810646	807499	781482	834335	834087	402077	550433	834371	816121	829316	564083	717639	791379	834308	835537	834201	835604	831832	834004	834044	247451	835469	577115	832853	829593	833959	833485	833835	835367	833325	826681	833879	742892	835245	827024	835302	833394	834315	834763	773574	834817	832779	832842	834380	834803	835031	834726	835145	834174	795162	825200	833852	829836	825082	799714	834145	804197	832082	833011	823885	833623	737258	831545	820847	833186	814451	831988	825716	449	348	610	257	530	557	318	410	549	41	0	542	20	172	425	548	510	530	607	98	76	194	54	420	605	595	587	363	0	197	590	609	423	94	159	22	78	536	539	656	77	266	277	423	407	575	15	0	634	152	396	564	449	538	646	404	74	406	255	217	174	597	247	532	251	109	186	256	417	131	337	96	418	356	203	608	257	514	212	549	411	138	373	420	74	181	649	587	241	512	545	0	598	595	216	538	556	388	356	584	216	42	134	523	421	498	426	516	232	482	586	254	165	1	90	314	581	52	419	315	0	189	1	601	563	0	586	101	242	97	579	585	413	597	423	77	584	360	353	354	594	124	545	160	289	411	255	0	240	92	539	422	600	144	189	361	197	312	404	0	325	0	0	0	356	598	124	392	1	594	41	358	0	243	234
NC_063230.1	15000001	432486	431892	432230	432034	429634	430254	431525	430919	430981	431748	432199	431810	431447	20589	138192	432000	431766	428512	430693	432148	82144	81770	432233	101388	431263	432167	431357	430928	431765	429429	430619	431138	432113	429024	64876	431060	25212	431158	431073	431272	431794	431124	431329	429454	431566	430622	430773	430024	430377	430542	124055	431095	431976	430772	430881	431046	431342	204617	430967	431689	116712	202417	431425	426366	430616	432010	76900	118350	432243	431173	431484	431982	84803	431591	431666	121698	432329	432272	432110	431950	428645	431037	112039	248290	431688	431072	432211	432058	430825	432158	431826	432301	431609	432125	432275	432087	431960	432179	426509	413107	430925	427341	431765	432199	430477	431890	331888	431977	407247	402712	377761	430796	430300	183501	235135	430294	415165	425686	231939	323294	394897	432158	431947	430820	432323	429579	431450	430747	91295	432253	247334	429777	424911	431544	430768	430959	431150	430524	425161	430810	357878	431691	423935	431642	430349	432171	431724	381653	432071	430034	431788	431589	431657	432024	431938	432140	431220	390523	416238	431227	422535	418051	420820	431264	386535	429906	428032	419661	429423	335071	425392	416538	428824	414130	429152	423430	2	217	179	200	135	143	209	209	135	2	2	1	3	14	207	136	133	133	180	15	14	1	1	206	180	171	176	0	1	1	172	180	196	9	110	4	213	2	136	180	208	214	202	206	41	131	109	2	171	16	201	135	198	0	173	207	46	199	215	23	0	178	180	132	214	11	34	217	200	205	1	7	106	1	23	179	213	214	1	134	199	16	72	107	2	1	178	171	207	145	2	1	178	2	205	2	43	193	146	206	201	2	207	2	108	120	207	124	181	162	171	208	29	1	1	185	162	1	79	1	1	112	98	180	153	1	125	20	206	80	172	163	213	174	203	111	141	152	1	83	171	1	2	101	208	209	83	1	206	1	130	105	178	109	111	1	2	92	209	1	92	1	1	1	2	174	1	213	1	169	3	1	1	206	195
