chrom	window_start	sites_total	calls_AL101	calls_AL102	calls_AL103	calls_AL114	calls_AL119	calls_AL120	calls_AL121	calls_AL124	calls_AL125	calls_AL127	calls_AL129	calls_AL133	calls_AL134	calls_AL137	calls_AL138	calls_AL141	calls_AL142	calls_AL143	calls_AL146	calls_AL149	calls_AL153	calls_AL155	calls_AL156	calls_AL159	calls_AL160	calls_AL162	calls_AL166	calls_AL170	calls_AL173	calls_AL174	calls_AL175	calls_AL176	calls_AL177	calls_AL178	calls_AL180	calls_AL181	calls_AL182	calls_AL184	calls_AL185	calls_AL187	calls_AL189	calls_AL193	calls_AL196	calls_AL197	calls_AL199	calls_AL200	calls_AL201	calls_AL204	calls_AL207	calls_AL208	calls_AL209	calls_AL210	calls_AL213	calls_AL215	calls_AL216	calls_AL220	calls_AL223	calls_AL231	calls_AL238	calls_AL241	calls_AL242	calls_AL243	calls_AL244	calls_AL246	calls_AL254	calls_AL255	calls_AL256	calls_AL263	calls_AL266	calls_AL269	calls_AL272	calls_AL273	calls_AL274	calls_AL276	calls_AL278	calls_AL279	calls_AL283	calls_AL284	calls_AL288	calls_AL292	calls_AL300	calls_AL303	calls_AL304	calls_AL307	calls_AL309	calls_AL313	calls_AL32	calls_AL35	calls_AL75	calls_AL82	calls_AL86	calls_AL88	calls_AL91	calls_AL92	calls_AL95	calls_AL97	calls_AL99	calls_K1423	calls_K1461	calls_K1542	calls_K1544	calls_K1567	calls_K1579	calls_K1580	calls_K1583	calls_K1603	calls_K1606	calls_K1608	calls_K16100	calls_K1614	calls_K1617	calls_K1618	calls_K1623	calls_K1627	calls_K1632	calls_K1640	calls_K1650	calls_K1660	calls_K1663	calls_K1665	calls_K1669	calls_K1672	calls_K1680	calls_K1684	calls_K1693	calls_K1696	calls_K17007	calls_K17008	calls_K17010	calls_K17013	calls_K17014	calls_K17025	calls_K17028	calls_K17030	calls_K17032	calls_K17033	calls_K17034	calls_K17035	calls_K17037	calls_K17040	calls_K17042	calls_K17044	calls_K17045	calls_K17048	calls_K17052	calls_K17053	calls_K17056	calls_K17062	calls_K17064	calls_K17073	calls_K17077	calls_K17078	calls_K17081	calls_K17083	calls_K17087	calls_K17091	calls_K17094	calls_K17098	calls_K17099	calls_K17101	calls_K17102	calls_K17103	calls_K17104	calls_K17106	calls_K18010	calls_K18017	calls_K18019	calls_K18022	calls_K18034	calls_K18078	calls_K18083	calls_K18084	calls_K18091	calls_K19018	calls_K19019	hets_AL101	hets_AL102	hets_AL103	hets_AL114	hets_AL119	hets_AL120	hets_AL121	hets_AL124	hets_AL125	hets_AL127	hets_AL129	hets_AL133	hets_AL134	hets_AL137	hets_AL138	hets_AL141	hets_AL142	hets_AL143	hets_AL146	hets_AL149	hets_AL153	hets_AL155	hets_AL156	hets_AL159	hets_AL160	hets_AL162	hets_AL166	hets_AL170	hets_AL173	hets_AL174	hets_AL175	hets_AL176	hets_AL177	hets_AL178	hets_AL180	hets_AL181	hets_AL182	hets_AL184	hets_AL185	hets_AL187	hets_AL189	hets_AL193	hets_AL196	hets_AL197	hets_AL199	hets_AL200	hets_AL201	hets_AL204	hets_AL207	hets_AL208	hets_AL209	hets_AL210	hets_AL213	hets_AL215	hets_AL216	hets_AL220	hets_AL223	hets_AL231	hets_AL238	hets_AL241	hets_AL242	hets_AL243	hets_AL244	hets_AL246	hets_AL254	hets_AL255	hets_AL256	hets_AL263	hets_AL266	hets_AL269	hets_AL272	hets_AL273	hets_AL274	hets_AL276	hets_AL278	hets_AL279	hets_AL283	hets_AL284	hets_AL288	hets_AL292	hets_AL300	hets_AL303	hets_AL304	hets_AL307	hets_AL309	hets_AL313	hets_AL32	hets_AL35	hets_AL75	hets_AL82	hets_AL86	hets_AL88	hets_AL91	hets_AL92	hets_AL95	hets_AL97	hets_AL99	hets_K1423	hets_K1461	hets_K1542	hets_K1544	hets_K1567	hets_K1579	hets_K1580	hets_K1583	hets_K1603	hets_K1606	hets_K1608	hets_K16100	hets_K1614	hets_K1617	hets_K1618	hets_K1623	hets_K1627	hets_K1632	hets_K1640	hets_K1650	hets_K1660	hets_K1663	hets_K1665	hets_K1669	hets_K1672	hets_K1680	hets_K1684	hets_K1693	hets_K1696	hets_K17007	hets_K17008	hets_K17010	hets_K17013	hets_K17014	hets_K17025	hets_K17028	hets_K17030	hets_K17032	hets_K17033	hets_K17034	hets_K17035	hets_K17037	hets_K17040	hets_K17042	hets_K17044	hets_K17045	hets_K17048	hets_K17052	hets_K17053	hets_K17056	hets_K17062	hets_K17064	hets_K17073	hets_K17077	hets_K17078	hets_K17081	hets_K17083	hets_K17087	hets_K17091	hets_K17094	hets_K17098	hets_K17099	hets_K17101	hets_K17102	hets_K17103	hets_K17104	hets_K17106	hets_K18010	hets_K18017	hets_K18019	hets_K18022	hets_K18034	hets_K18078	hets_K18083	hets_K18084	hets_K18091	hets_K19018	hets_K19019
NC_063226.1	1	818307	817322	817746	817827	814317	815540	816974	815597	816848	817553	817283	817423	817088	62588	409639	816686	817867	812663	816854	817630	289184	234270	817646	339474	816512	817054	817168	816322	817276	812131	814426	816254	817244	815437	207305	816499	81450	816524	816433	816893	816794	816292	816361	816272	817168	816778	816863	815503	811928	815694	381708	816345	817662	816268	815440	816490	817471	531484	816848	816259	376342	550411	817034	811102	815823	817567	247439	390040	817670	816178	817105	817681	295628	817445	817106	356963	817505	817857	816691	817647	815460	816001	340062	627742	816946	816957	817713	817618	816180	817492	817582	817851	817673	817728	817888	817496	817725	817614	810364	801806	816592	811961	817736	817764	815838	817246	709100	817304	793263	782949	765490	817148	816995	472430	573609	816913	796387	812523	574203	700362	774491	817580	817676	816554	818036	814765	816638	816342	283123	817991	577329	815193	808160	816882	816098	815984	817567	815442	806617	816497	726017	817346	807971	817837	816065	817683	817205	757463	817575	815256	815973	816785	817297	817618	817372	817739	816560	771931	806113	816423	810027	804902	790711	816905	781135	813824	815229	805960	815999	712278	810882	802917	814799	790696	814469	809872	237	420	333	261	236	257	0	21	263	250	244	155	14	99	241	259	248	234	345	0	0	161	111	252	348	155	0	393	411	253	329	0	215	54	156	20	415	333	154	217	393	234	256	213	0	177	410	248	393	93	320	183	401	243	483	177	202	235	397	47	1	102	156	328	261	1	73	261	215	239	6	74	1	243	102	246	489	488	334	339	325	0	0	0	7	0	486	327	234	411	2	21	156	3	335	328	332	143	0	156	5	222	251	0	260	304	5	250	242	358	330	387	77	258	236	473	228	105	0	381	218	237	5	259	347	413	332	0	393	153	1	256	489	153	218	246	353	135	174	141	244	5	1	338	1	153	2	264	253	242	181	1	396	482	5	101	379	148	158	257	157	249	478	220	206	262	256	477	300	257	5	213	0	382	360
NC_063226.1	1000001	824009	823193	823385	823530	803888	821266	822539	821813	822407	823214	822647	820342	822964	64851	387446	822187	823312	820315	822359	823411	250248	237314	823143	286472	821950	822980	822799	821935	822883	794559	800618	822021	822255	801782	201123	822109	94218	821903	822184	822727	822448	821063	821943	821913	822766	822137	822475	821010	783171	821064	312783	821913	823311	822274	822305	822194	819257	473920	822246	821945	321252	457284	822444	809258	821517	823335	236077	316560	823589	822264	822464	823422	245292	822945	822712	341797	823412	823544	822486	823321	796656	821268	283794	512132	822478	822615	823586	823444	821575	823105	823354	823720	823378	823429	823746	822412	823424	823478	816083	798385	821874	817615	823457	823313	821475	822871	663341	823320	787013	772477	743964	820974	822962	411647	519893	822745	796516	815306	497046	657270	762692	823228	823423	822040	823644	820308	822428	822058	260221	823559	525592	820724	813589	822502	821888	821261	823588	820597	810702	821979	701631	823405	809372	823072	821487	823424	822933	746303	823256	820373	821735	822675	823115	823006	823094	823330	822367	758545	801579	821607	809158	803790	805235	822800	762334	819393	819352	803917	820674	672892	814644	801469	818086	778972	817806	813511	766	751	782	846	357	829	2	827	760	576	766	94	0	245	788	752	665	362	812	47	36	299	182	864	387	469	381	700	798	704	278	0	701	83	89	7	382	837	467	719	337	25	856	723	0	860	377	214	719	180	768	881	825	761	762	864	245	757	705	130	121	789	341	670	865	41	233	875	303	755	406	179	0	694	252	829	840	843	767	760	756	61	228	1	785	600	715	771	284	837	605	833	91	1	898	781	883	466	354	330	365	743	768	0	708	620	495	646	765	495	279	604	280	414	748	634	655	450	600	562	903	24	0	697	801	818	698	47	575	429	459	317	817	569	892	766	831	435	847	266	742	1	391	597	485	363	211	691	830	756	859	185	0	669	0	802	325	183	332	678	184	682	818	689	858	810	775	803	629	788	438	864	1	151	137
NC_063226.1	2000001	806878	806209	806359	806277	802773	803945	805625	804474	804752	805527	805537	802181	805334	34338	243553	805367	805635	804228	805121	806194	64404	132930	805969	92233	805094	806047	805407	804602	805803	802172	801696	805271	796973	801535	108809	805154	40610	804903	804877	805326	805666	802671	804810	804577	805520	804480	805421	803739	803971	804093	140141	804668	806242	805182	806449	805339	795441	321072	804485	805600	127682	306186	805238	795383	802934	805900	91076	138388	806655	804963	804914	806197	82522	805445	805604	191508	806114	806568	805947	806345	785327	803913	121219	401221	805383	805288	806450	806201	804754	805880	806072	806574	806235	806240	806514	804355	806227	806123	800865	764565	803288	802755	806202	806630	804759	805673	586976	806275	746952	749990	680414	801217	806163	289429	386490	805852	769558	794658	358055	559974	717681	806368	806432	803261	806273	804155	805233	804606	96731	806374	405593	803285	790329	805086	804240	804678	806769	802914	800593	804928	637781	806094	784263	805176	804169	806311	805532	696028	805777	802322	805295	805357	805787	805797	805934	806276	804846	720517	768029	803686	776023	775444	793691	805441	695859	801678	797743	774760	801537	581777	788722	763026	798767	768377	797228	793057	699	697	146	658	273	673	142	673	543	0	601	1	2	95	553	540	281	283	688	29	46	147	29	667	697	541	838	628	660	820	542	1	555	28	145	0	680	573	852	605	661	0	522	601	1	681	675	1	676	53	219	687	674	637	686	560	170	690	677	62	119	481	615	272	680	30	57	689	786	612	632	30	0	624	86	685	652	645	145	555	140	39	224	0	672	0	144	144	298	400	147	683	1	149	467	149	641	602	759	602	800	643	638	1	668	69	648	241	555	540	606	148	158	247	614	0	589	265	295	559	488	2	0	182	123	664	266	73	692	264	605	1	633	624	491	638	123	583	642	463	481	133	868	658	802	668	523	181	652	627	679	0	0	0	1	477	549	134	613	175	138	174	706	435	463	668	628	611	289	659	566	452	130	138	627
NC_063226.1	3000001	809947	809307	809472	809452	804380	807302	808821	807473	808041	808900	809247	804104	808020	24785	176277	809375	808445	807681	808434	809340	40871	106529	809090	65787	808113	809473	808621	807610	808927	804547	804732	808586	795321	803748	70964	808218	25628	807878	807890	808529	809251	805229	807802	807583	808677	807971	808574	806775	806189	807105	116512	808099	809389	808569	809604	808319	794543	266153	807309	809333	110168	252832	808402	795122	805605	809074	68957	98166	809739	808043	808160	809150	58491	808570	808851	165800	809728	809531	809467	809468	783400	806646	97845	355077	808486	808342	809452	809334	807921	808966	809072	809520	809307	809370	809593	806379	809210	809245	804138	757255	806305	805519	809106	809813	807889	808784	555401	809740	735622	737665	658445	803327	809310	271760	349346	808981	764970	796258	326586	521237	705222	809693	809577	805802	809608	806842	808150	807592	84859	809539	359564	806317	788685	808288	807291	807682	809834	806577	804929	807815	616094	809122	784347	807719	807621	809753	808678	679693	808992	804983	808972	808826	808788	809152	808987	809306	808201	710652	760373	806496	773938	770666	797916	808636	678164	804488	798444	769630	803265	546460	788485	758800	799651	765466	797882	792902	931	782	807	742	968	790	248	1064	816	445	924	440	6	93	588	815	971	982	1075	23	45	610	23	1055	429	889	1042	977	578	865	898	591	923	40	779	4	418	942	913	989	401	1	596	985	789	1077	414	796	899	33	911	1088	1069	911	1062	684	70	912	637	69	149	823	960	918	775	40	24	1069	1043	891	322	21	0	1099	62	798	1111	1048	804	874	764	44	262	0	1058	1	141	790	1002	1	620	674	833	809	425	804	1100	875	194	763	305	987	866	596	787	91	1099	464	824	301	515	790	63	280	910	671	980	189	422	715	115	1	542	0	133	667	916	64	904	285	170	159	1083	1008	848	985	134	903	904	600	816	560	916	875	327	1073	633	0	621	959	1080	0	1	0	0	826	333	663	944	0	696	0	942	320	789	528	381	1026	207	511	837	174	511	751	848
NC_063226.1	4000001	826411	825622	825807	825805	822324	823615	824796	823689	824798	824667	824437	824454	825157	60915	339605	824057	825668	823099	824944	825773	150278	201678	824507	206554	824795	824252	824994	823905	825220	818468	823415	824476	823324	821451	159433	824443	68743	824439	824288	825079	824159	823341	824596	823900	825137	824402	824814	823299	822664	823455	246153	824174	825757	824779	825335	824804	822312	427408	824976	823907	241430	427372	824979	818736	823037	825423	153131	230866	826033	824827	824952	825640	156914	825172	825264	259304	824774	826054	824309	825634	818888	823751	209356	506295	824996	824779	825663	825731	824049	825807	825664	826031	825608	825693	826077	824706	825846	825689	819784	789877	823679	821540	825627	826056	824111	825229	641297	824857	776493	782082	715819	822706	825401	351465	452078	824979	795460	814665	436079	625352	748889	824991	826007	823878	826154	822789	824514	824485	162902	825982	467413	822737	814348	824842	824000	824897	826047	823350	817631	824451	679336	825460	809181	825057	824071	825070	825302	729720	825470	822664	823635	825120	825259	825742	825341	825986	824322	755510	795865	823446	805763	802243	810220	824894	738456	821140	819036	800269	821108	646129	812954	790367	820602	795683	818112	812872	831	0	906	110	766	111	367	938	754	850	711	847	23	175	514	809	769	791	930	43	54	774	52	903	812	374	894	724	774	629	366	895	767	68	895	26	804	447	655	794	784	111	747	791	890	938	804	937	362	144	373	959	912	631	935	878	296	372	773	158	212	895	901	346	111	85	140	669	904	726	699	74	0	743	143	113	727	861	448	860	879	40	153	0	946	0	486	880	787	111	779	111	954	914	140	903	759	338	633	597	676	366	620	711	765	306	925	417	585	664	721	893	207	247	839	808	688	344	571	304	215	0	884	0	318	300	346	91	634	297	456	450	750	847	901	570	467	687	465	442	878	722	655	469	744	935	557	0	208	667	936	0	110	0	0	532	674	824	718	0	828	0	705	667	869	739	756	720	164	745	328	456	713	863	339
NC_063226.1	5000001	767652	766671	767108	767028	753808	764216	765905	764863	766083	766165	765809	744417	766637	86281	459244	764506	766658	761872	766087	767006	395013	326730	766319	438030	765691	765170	765999	765156	766210	747462	724128	764960	708183	757798	279981	765520	135015	765316	765142	766075	764619	765568	765441	765245	766123	765170	765752	764167	710216	764648	453526	764990	766742	765705	759143	765856	653537	554828	765913	764436	431045	562397	766524	744520	765766	766835	322691	457670	766558	766185	766181	766933	391810	766640	766294	402189	766447	767135	764970	766714	681671	765462	440264	578560	766022	766230	767011	767065	764818	767031	766932	767241	766804	766810	767258	765698	766990	766825	757229	757917	766083	756777	766831	765748	763430	766442	679010	765380	744393	706819	736948	766197	764391	500063	634660	765241	745555	761700	589267	686531	741135	765869	766870	766520	767235	762443	766170	765482	421199	767029	610933	764739	754301	766138	765473	760870	765766	765262	746201	765720	691469	767033	758521	767081	765229	766479	766221	711096	766893	763745	764205	766175	766484	766745	766533	767217	765858	697105	762182	765823	764696	757827	731071	765927	746598	764118	765511	754702	765241	696708	762295	758622	764997	707413	765196	756276	658	0	37	815	832	813	0	779	430	516	505	517	38	337	616	855	802	841	39	220	142	557	316	37	554	0	39	391	830	343	695	263	845	216	235	50	832	606	383	849	829	798	544	848	418	771	820	730	664	377	531	789	38	0	75	37	110	0	554	268	452	39	643	821	813	4	249	807	38	552	0	6	0	804	299	821	512	683	0	39	36	304	436	0	837	1	816	38	853	813	554	810	782	38	922	38	812	0	859	537	608	621	553	390	535	712	39	792	692	625	422	38	228	0	825	39	778	344	37	1	858	0	37	0	775	0	811	265	0	407	781	806	799	669	39	1	800	691	796	3	37	537	391	643	430	763	621	0	802	418	72	0	108	354	0	799	562	37	504	0	35	0	507	539	38	425	419	788	743	426	610	805	519	39	1
NC_063226.1	6000001	802105	801284	801513	801600	794957	799014	800446	799452	800760	799124	799182	784039	800938	85971	467326	798010	801385	794805	800446	801519	454918	360354	800570	480942	800418	798744	800505	799356	800643	792935	759282	799492	717059	797528	325887	799868	158228	800034	799597	800387	798368	799845	799891	799771	800628	799693	800302	798183	749990	799055	465499	799707	801202	800031	793260	800037	633541	598185	800731	797848	472333	568316	800974	773726	799017	801382	394158	487732	801227	800200	800986	801419	446802	801251	800784	457120	799619	801598	798418	801059	711891	799760	480509	549410	800335	800483	801487	801477	799454	801447	801351	801676	801265	801471	801780	799832	801397	801314	790353	790075	800870	791183	801053	799892	798381	800935	692032	799517	772913	731485	766152	800670	799328	528876	645360	800269	776640	797301	609641	698238	774027	799871	801158	800572	801924	796711	800559	799590	458218	801323	617608	799611	785538	800719	800088	796437	799720	799791	776067	800151	716152	800957	789879	801149	800004	800121	801039	741432	801338	798550	797828	800383	801295	801345	801261	801626	800674	710662	792980	800463	796038	787673	763871	800138	771178	799182	797940	783820	799650	708047	794331	791436	798553	723237	798691	790546	639	0	1	450	776	441	0	449	869	199	200	199	15	259	795	674	735	775	1	461	262	195	285	1	197	0	1	869	755	814	756	365	783	254	849	131	659	798	865	783	662	438	191	782	858	450	645	433	753	333	432	453	1	0	1	1	2	0	196	418	460	1	630	604	450	0	79	781	2	191	1	1	0	786	260	451	200	685	0	1	196	456	511	0	659	0	450	1	790	446	199	445	453	1	770	1	790	1	517	193	484	823	198	796	189	312	3	346	783	618	399	1	444	1	648	2	753	684	1	2	793	1	2	1	578	429	598	494	0	132	437	438	781	747	3	1	356	630	442	1	4	197	881	612	874	443	609	2	766	861	0	0	1	198	0	437	176	3	196	0	1	1	193	180	1	874	857	771	688	865	794	448	191	1	0
NC_063226.1	7000001	821336	820549	820710	820848	818832	818192	820035	818995	819960	819046	819194	820863	820303	79716	420903	818153	820787	815356	819797	820829	245981	260843	819484	310345	819546	818582	819934	819155	820259	810931	819903	819175	819725	819022	215277	819108	86482	819344	819257	819725	818411	819452	819222	819015	820069	819122	819729	818189	818153	818047	356400	819121	820407	819547	816136	819354	820748	504493	820169	817806	321503	549379	819958	816375	819174	820581	200345	379585	820702	819211	820325	820691	285102	820349	819953	284698	819433	820979	818374	820527	820332	818824	370178	651771	819808	819844	820743	820869	818548	820559	820680	820848	820666	820623	820886	820522	820675	820744	812220	802968	819659	813033	820662	819812	817781	820210	717718	818466	796547	789245	768217	819524	818960	426271	575742	819703	801054	815037	588161	710757	778746	819433	820039	819314	820908	817173	819417	819450	266997	820905	605188	818847	812324	820024	819138	818105	819766	818760	805033	819337	735246	820393	811458	820768	819668	819785	820545	766789	820566	817787	818023	819892	820334	820490	820394	820951	819948	777763	807788	819378	812565	808815	786327	819323	780240	818298	818166	807223	818652	719525	815407	805411	818138	800229	817652	809898	519	13	252	257	351	255	1	3	216	528	514	506	28	137	466	457	346	361	242	94	87	405	44	235	408	1	236	448	458	457	356	4	363	50	212	23	459	527	448	366	460	251	383	371	222	237	445	16	366	135	236	13	233	5	11	243	2	15	399	45	64	240	510	368	23	28	127	366	251	392	11	60	0	139	95	244	512	134	1	242	389	101	369	14	462	1	239	237	368	242	403	243	3	256	221	240	137	1	4	387	14	536	412	200	406	214	253	232	191	490	239	239	61	17	445	244	144	124	195	17	368	12	254	18	373	221	378	58	1	266	227	235	133	130	259	16	237	334	247	18	241	403	453	490	215	4	463	11	343	222	13	0	248	392	15	238	364	243	514	13	248	10	511	369	235	225	218	126	313	221	521	247	371	238	0
NC_063226.1	8000001	81888	81751	81779	81682	81610	81583	81606	81440	81759	81349	81441	81858	81804	7873	45586	81439	81866	81175	81711	81825	28163	24875	81440	32965	81734	81464	81678	81547	81732	81489	80972	81711	80438	81763	20877	81707	7144	81479	81574	81782	81499	81582	81396	81421	81667	81290	81729	81412	80680	81440	37589	81715	81750	81490	81122	81451	81864	53839	81653	81322	34422	50183	81752	80339	81657	81745	20392	34026	81830	81254	81784	81763	28751	81823	81620	28838	81638	81850	81547	81815	81819	81663	35355	56036	81530	81549	81830	81863	81699	81868	81837	81719	81836	81858	81750	81622	81847	81849	80874	79139	81663	80835	81678	81608	81359	81593	64500	81453	76496	75832	71684	81587	81591	42210	52516	81589	77757	80189	53869	66140	74827	81543	81684	81356	81696	81383	81574	81634	29372	81791	54840	81624	79957	81603	81731	81125	81394	81416	79803	81615	68121	81683	79891	81559	81651	81587	81766	72101	81679	81566	81387	81650	81818	81671	81811	81800	81741	73437	79547	81272	79890	78977	74964	81489	74290	81485	81010	79081	81411	66157	80563	79003	81167	77947	81233	80197	74	46	40	45	8	33	0	0	40	103	48	47	2	2	87	5	30	8	5	31	1	89	1	5	83	0	5	5	29	43	7	22	8	14	0	0	51	69	5	8	43	53	44	57	49	5	5	20	55	1	4	37	5	44	33	5	21	32	92	0	14	5	87	8	54	0	31	8	38	46	42	15	0	48	11	5	48	2	0	5	48	1	30	39	37	0	5	5	7	4	94	5	0	37	34	5	3	0	0	48	47	88	97	0	86	44	46	34	0	76	5	4	0	28	4	46	55	0	4	58	8	36	34	42	43	34	49	0	0	33	5	5	41	3	58	59	46	41	47	49	61	80	5	46	0	0	38	26	8	32	33	0	43	49	50	5	41	60	89	48	34	27	84	43	5	46	50	3	40	55	71	54	73	4	0
NC_063226.1	9000001	44	32	44	43	44	18	43	44	44	44	44	38	38	31	12	38	44	44	23	44	23	44	44	33	44	44	44	44	44	44	44	44	44	44	42	44	44	44	39	44	44	44	38	17	44	38	38	44	44	44	18	44	44	39	6	38	44	6	44	34	44	12	43	44	44	44	23	29	44	44	44	43	44	38	44	23	44	38	38	44	43	44	44	44	39	44	44	44	44	44	43	44	42	44	44	44	44	38	44	38	44	38	37	44	44	23	44	44	38	38	43	44	44	6	6	44	44	44	38	44	27	44	44	44	44	44	44	43	38	6	44	44	44	39	44	44	44	42	44	37	6	44	44	44	38	44	44	44	44	44	43	37	44	44	41	44	44	44	44	38	38	44	27	44	44	44	44	44	44	44	38	44	44	44	44	32	0	0	0	0	0	0	0	0	0	0	0	0	0	0	0	0	0	0	0	0	0	0	0	0	0	0	0	0	0	0	0	0	0	0	0	0	0	0	0	0	0	0	0	0	0	0	0	0	0	0	0	0	0	0	0	0	0	0	0	0	0	0	0	0	0	0	0	0	0	0	0	0	0	0	0	0	0	0	0	0	0	0	0	0	0	0	0	0	0	0	0	0	0	0	0	0	0	0	0	0	0	0	0	0	0	0	0	0	0	0	0	0	0	0	0	0	0	0	0	0	0	0	0	0	0	0	0	0	0	0	0	0	0	0	0	0	0	0	0	0	0	0	0	0	0	0	0	0	0	0	0	0	0	0	0	0	0	0	0	0	0	0	0	0	0	0	0	0	0	0	0	0	0	0	0
NC_063226.1	10000001	494026	493151	493355	493283	491245	492098	492512	492521	493115	492706	492641	493592	493254	42817	253254	492463	493829	490282	493259	493754	111006	154399	493022	155779	493129	492651	493109	492328	493453	489916	491358	492955	491576	492827	134676	492819	56197	492175	492435	493111	492968	492078	492155	491916	492633	492115	493003	491884	490225	491540	170766	492742	493123	492737	491230	492072	493663	290255	492345	492354	154675	287904	493168	488800	492453	492871	95247	173319	493666	492055	493147	493161	127378	493390	492765	144800	493706	493757	493246	493645	493155	492361	175685	343673	492650	492517	493806	493820	492530	493691	493681	493180	493617	493723	493445	492550	493721	493681	489591	482642	492822	488218	493111	493048	492420	492793	407770	492720	475144	472325	449817	493032	493096	253192	312789	493150	478998	487353	319190	406272	461891	493455	493322	492384	493442	490395	492492	492444	120574	493175	325238	492006	487551	492450	492827	492146	492880	491524	485802	492231	424761	492269	485394	493756	492452	493756	493571	452998	493070	492013	492238	492645	493283	493359	493383	493491	493016	463350	482438	492198	488080	483749	473075	491546	464393	491148	491038	484047	492192	415083	488770	481157	490605	473130	491059	487527	268	27	141	171	27	169	0	1	27	277	236	229	13	60	370	130	46	25	127	84	30	383	36	126	384	0	124	128	174	150	27	49	25	23	1	1	170	361	124	27	165	174	330	66	49	123	124	26	79	29	129	42	124	37	42	128	29	46	373	38	58	122	249	28	30	17	99	27	144	339	40	39	0	147	18	129	237	125	0	124	339	8	209	44	166	0	128	127	26	130	364	125	1	159	28	127	121	2	3	338	59	383	397	5	360	132	177	151	1	251	125	122	13	47	127	150	152	4	87	47	27	58	162	53	73	38	78	4	0	202	128	122	162	119	179	64	154	81	164	49	152	379	128	233	1	6	207	40	31	30	41	0	173	341	39	125	296	147	269	43	153	31	281	325	124	33	46	117	45	38	378	143	325	123	2
NC_063226.1	11000001	829905	829295	829489	829391	816871	827116	828628	827618	828499	827829	827024	829036	828481	79754	369198	826534	829167	825078	828690	829423	142788	228195	828374	207623	828140	826893	828436	827813	829028	802451	827773	828257	829305	817641	185223	828205	92233	828139	828167	828650	826711	827910	827998	827617	828653	827979	828686	827419	825440	826892	228526	827950	829170	828209	828018	828185	828824	428571	828096	826465	218358	418979	828468	820386	826970	829291	142809	208358	829493	827445	828537	829161	150955	828945	828755	223923	828280	829542	826819	829343	827256	827057	219317	490774	828727	828727	829537	829430	827848	829382	829422	829415	829473	829428	829677	829172	829410	829438	822321	803857	827811	823372	829243	828792	826669	828675	646618	827771	788085	783026	743577	827695	828284	388464	450982	828541	802734	821500	454586	635548	762897	827790	829247	827521	829555	826241	828272	828159	148185	829279	469932	826880	818418	828247	827936	826798	829057	827151	819810	828121	694800	829212	815247	828988	827782	828041	829039	743454	829152	826315	826316	828875	828935	829105	828985	829530	828273	759913	808072	827066	815800	808346	806129	828162	761090	824518	824833	810398	827151	661582	819861	803182	824293	797286	824100	817231	333	0	363	362	354	367	0	0	3	324	330	322	19	102	232	367	332	355	369	29	64	234	47	359	234	0	361	359	363	367	359	0	354	42	0	1	354	417	355	366	356	364	230	363	0	353	350	0	359	58	356	0	359	0	0	365	2	0	233	15	47	358	307	339	0	34	47	356	360	231	0	34	0	152	53	363	331	156	1	362	229	44	183	0	352	0	367	360	361	366	236	357	0	361	1	365	153	0	2	235	3	426	235	0	233	225	360	326	0	257	364	343	0	4	347	321	140	2	207	1	368	3	353	1	347	0	349	2	0	118	349	332	149	152	360	0	363	332	345	7	362	217	364	306	0	0	276	5	339	3	0	0	359	233	0	363	195	328	318	0	327	0	320	202	342	2	0	150	235	0	371	341	214	340	0
NC_063226.1	12000001	809128	808631	808714	808599	804755	806755	807822	806701	807369	807518	807206	808067	807019	56451	302145	807158	808525	805488	807878	808680	122174	194445	807366	156609	807478	807676	807770	806910	808233	797129	806053	807492	806639	804537	147071	807412	67731	807290	807349	807787	807218	806880	807293	806887	807937	807246	807697	806323	803508	806469	180512	807194	808533	807640	807836	807394	806853	369022	806318	807151	173406	328557	807847	792893	805944	808225	119790	157667	808747	804963	807710	808532	115682	808062	808026	183757	807917	808826	807331	808595	805158	806297	171745	387038	807911	807811	808668	808681	806953	808584	808630	808765	808614	808522	808789	807988	808692	808673	801515	762441	805948	803005	808539	808455	806929	807956	561644	807769	741568	730377	662556	805422	807905	320610	357821	807801	768940	798591	357368	530372	714244	807826	808553	804565	808728	805430	807235	807152	114681	808748	385464	806037	787683	807391	806969	806453	808420	806117	798690	806826	627591	808257	781737	807420	806851	807857	808007	683897	808189	804533	806641	807953	808288	808390	808314	808705	807765	691685	766838	805799	776189	771909	794113	807256	680897	803515	796949	769885	804131	556972	787685	762491	798945	765264	798661	793853	177	2	364	332	402	351	0	1	2	181	179	176	8	49	464	350	397	405	358	39	33	465	23	346	467	0	344	350	337	340	396	6	393	40	0	0	352	376	351	410	345	345	453	407	10	354	349	3	402	34	349	2	353	0	3	351	4	2	463	43	57	348	171	405	3	23	47	413	337	459	1	25	0	246	54	357	181	246	4	332	442	46	135	2	351	0	356	347	409	356	466	352	1	362	5	353	245	6	1	447	5	389	467	0	458	211	358	297	0	145	352	344	3	9	345	295	223	1	184	4	414	3	350	4	398	1	398	0	0	174	334	311	240	239	361	2	349	377	344	5	347	430	350	170	0	1	156	1	393	1	2	0	360	459	1	349	347	310	177	2	309	1	176	357	335	119	2	231	230	119	340	342	394	327	0
NC_063226.1	13000001	800258	799674	799829	799916	796609	797939	799171	797432	798317	799472	799066	796149	797732	41362	249686	799421	799256	798043	798855	799812	59336	153172	799112	90733	798807	799518	798988	797936	799388	793625	794739	799004	788255	793216	122408	798417	50780	798536	798823	798923	799312	796089	798563	797640	799251	798646	798839	797702	792906	797640	120397	798452	799785	798894	799888	798824	792551	302990	797603	799347	122617	241023	798656	780979	795844	799417	78758	101661	800121	797381	798604	799756	64833	799107	798985	163140	799703	800073	799560	799932	779236	797382	125350	314035	799146	798732	799868	799829	798431	799591	799805	799969	799848	799866	800012	797085	799834	799818	794322	728126	796471	795537	799618	800169	797794	799306	477313	799833	700585	698488	594859	793188	799662	257214	278346	799267	743489	781906	281063	441170	667551	799798	800015	793716	800049	797120	798523	798226	65461	799936	308653	796308	773600	798687	797942	799039	800056	796420	794397	797819	574153	799464	763432	797486	797476	799615	799003	640420	799523	794042	798548	799136	799043	799686	799467	799781	798296	648012	730289	796166	742272	749742	791569	799044	628848	792834	781441	739499	791207	474287	766080	720479	784408	748800	782013	778924	328	0	471	455	263	463	0	1	1	328	315	327	5	69	273	462	269	270	471	8	31	273	6	464	274	2	459	467	428	439	263	2	258	13	1	0	457	146	456	273	444	450	272	265	460	465	446	0	266	39	461	1	461	0	0	32	1	426	274	34	56	457	269	258	2	19	19	271	456	272	0	14	1	391	24	473	334	398	434	399	266	19	52	1	464	1	470	456	269	470	277	470	1	471	8	469	395	0	3	264	3	149	275	2	271	215	470	354	2	209	442	463	0	2	461	390	342	2	195	1	272	0	440	0	256	2	258	0	0	71	430	415	391	387	471	0	445	228	444	2	457	248	459	310	1	1	239	0	255	2	0	1	466	361	0	461	248	382	314	2	397	0	324	187	421	434	1	351	135	410	118	425	236	425	0
NC_063226.1	14000001	838198	837563	837622	837884	836056	835755	836874	835782	836542	835617	835414	837335	836531	67297	373688	834312	837700	834104	836885	837755	158166	230240	836159	211967	836778	835124	836739	836055	837364	831616	835702	836546	837626	835474	193612	836594	86220	836543	836306	836993	835027	835921	836534	836072	837119	836433	836802	835587	834205	835187	234700	835932	837695	836577	835614	836759	836689	472923	836436	834453	229051	398755	836984	826623	834715	837498	155567	194753	837687	834827	837038	837558	143835	836818	837120	233138	835763	837947	834677	837707	835185	835581	223479	461014	837056	836897	837623	837665	836084	837687	837546	837846	837595	837704	837883	837521	837678	837558	828130	797293	835837	829192	837529	837161	835338	837255	620358	835615	783342	779535	713526	834696	836377	294498	400458	836454	801025	827207	417810	598446	750253	836174	837620	835023	837834	834479	836527	836103	138134	837569	439649	834520	821971	836761	836095	834485	837500	835454	825128	836305	673831	837284	818439	836709	836325	836291	836925	729128	837336	833641	834193	837007	836909	837575	837308	837826	836613	744295	802964	835636	813800	809337	819458	836195	739765	833237	829434	804894	833937	620449	822172	797988	831517	801227	829959	823741	519	0	424	421	481	417	0	3	389	517	520	510	18	140	484	424	474	486	427	69	96	569	0	418	571	2	407	426	492	486	485	1	494	79	374	31	423	432	490	495	412	492	561	497	420	491	416	0	473	65	480	1	418	0	0	0	0	488	564	59	103	417	465	106	0	47	91	500	411	567	0	47	0	457	76	422	518	462	422	398	558	83	192	0	492	1	425	406	501	419	571	424	0	423	2	423	467	2	340	552	351	435	574	371	573	258	424	343	301	378	419	413	72	0	480	364	423	2	238	4	501	391	415	0	101	384	168	33	0	251	401	393	454	453	417	392	409	427	410	2	414	518	492	497	393	1	414	0	468	1	0	0	423	516	391	406	419	360	507	0	373	2	504	442	401	404	3	428	278	381	369	384	485	399	2
NC_063226.1	15000001	598731	598032	597199	598257	597384	596104	597589	595536	597327	597227	597261	598234	597565	45723	235964	596776	598190	594364	597510	598354	150900	142945	597689	187866	597437	597082	596619	596855	597884	594094	597174	596875	598162	596340	115954	597062	49207	597358	597356	597545	596774	597317	596889	596612	597514	596676	597451	595767	595219	596438	215045	596760	597992	597433	596222	597175	598231	318166	597515	596260	198698	354185	597576	592890	596760	598183	126305	209829	598207	596774	597990	597202	159602	597921	597690	183940	597533	598423	597051	598107	597520	596725	197078	409731	597671	597767	597161	598018	596354	597759	597985	598403	597972	597913	598499	598354	598204	597984	591478	584389	597491	592913	598205	597922	596432	598023	499447	597221	578268	573645	555259	597087	597129	324053	379947	597396	583089	593350	387283	496224	562310	597207	598076	597444	597640	595324	597068	597298	162272	598220	393944	596655	592766	597835	596955	596629	597817	596495	590410	597445	524367	598213	591880	598032	597083	597586	597795	547087	597237	596155	595647	597543	597691	598214	598023	598349	597646	563855	588231	596821	590338	588960	579895	597258	564720	595075	595786	585423	596643	511186	593254	584813	596249	578749	596011	590951	149	3	382	382	354	377	0	1	368	157	415	149	6	96	457	318	340	358	122	81	49	531	4	118	533	6	117	379	324	319	358	265	364	38	361	19	374	449	320	365	370	326	516	368	118	327	368	262	350	100	314	264	376	0	1	268	6	325	528	92	156	123	147	1	266	22	157	362	119	525	83	22	267	349	64	383	155	332	380	118	454	72	260	261	325	0	380	371	369	375	531	380	1	383	165	383	330	3	291	519	279	456	532	351	524	311	121	368	329	137	377	119	141	7	315	357	337	4	97	3	367	371	121	7	6	360	325	81	3	320	360	376	314	322	121	371	378	310	373	5	123	521	329	150	369	1	127	6	344	5	260	264	384	153	365	373	129	370	150	3	373	2	151	480	116	379	5	312	270	373	434	372	483	117	4
NC_063226.1	16000001	844240	843772	843640	843697	841065	841132	842978	841734	842572	843224	843044	842391	842662	55176	314569	842976	843685	840959	842663	843646	122444	188381	843332	165905	842479	843201	842722	841726	843136	838226	840750	842515	841064	841046	155178	842486	65543	842334	842476	842882	843029	841597	842505	841815	843045	841918	842758	841484	841663	841208	204685	842198	843652	842813	843672	842710	840697	394956	842195	842512	208500	378221	842762	833006	840528	843507	129384	192145	843927	842013	842680	843511	127233	843121	842932	238705	843673	843974	843277	843745	836153	841543	181539	461616	842945	842895	843727	843762	841928	843528	843607	843885	843730	843653	843874	842908	843732	843678	835428	805777	842186	837340	843686	843774	841725	843193	617105	843273	791812	786546	722382	841085	842997	287143	395902	842931	810247	833707	414173	594839	759734	843568	843934	841372	843815	840677	842468	842490	125873	843966	431298	840561	830546	842730	842089	843003	843724	841268	834403	842445	680540	843299	826225	842959	841890	843488	843283	738547	843523	840207	842046	843048	843282	843633	843470	843852	842457	761231	813576	841508	822745	815994	825334	842817	751416	839046	836971	813640	839245	631325	831275	809947	837443	812294	836567	829657	1	0	725	711	193	719	0	1	197	1	720	1	0	44	747	753	188	192	0	68	30	728	1	0	726	0	0	682	724	730	190	714	193	25	197	7	668	731	740	196	672	739	708	190	1	738	667	708	189	59	735	730	717	0	0	707	2	727	726	108	51	0	0	0	720	1	97	199	0	720	0	0	715	196	89	726	1	752	725	0	1	21	289	712	743	0	721	705	197	724	726	722	1	729	759	725	746	0	719	705	733	744	727	191	718	451	0	644	159	2	703	0	37	13	736	647	173	140	3	7	198	205	0	12	0	195	724	21	0	285	674	673	734	734	12	637	706	176	714	15	13	670	641	0	197	1	1	0	189	420	722	710	721	1	196	710	2	677	0	0	647	12	7	592	0	699	366	712	111	692	668	689	641	0	0
NC_063226.1	17000001	805801	805319	805323	805476	798243	803243	804721	803124	803380	804269	804290	800053	802772	31891	176384	804654	804330	803680	804464	805103	36319	109284	804625	53731	804208	805001	804412	803554	804697	798761	800216	804468	778628	795667	79511	803910	32777	803689	804138	804540	804573	800713	803954	803475	804726	803776	804479	803055	799503	802926	89530	803829	805136	804410	805423	804300	790366	219155	801389	804535	76110	204652	804106	783324	801230	804965	57134	85250	805659	802352	803887	805157	41999	804461	804652	119991	805233	805617	804789	805424	776036	803061	87458	281744	804226	803882	805258	805272	803614	805079	805214	805454	805273	805173	805574	800654	805364	805258	799277	738666	802286	800473	805150	805657	803808	804758	480666	805238	714083	700008	608159	800022	804987	238874	275305	804762	753092	788404	265334	443868	678356	805327	805558	798678	805407	802997	804005	803934	58452	805397	293363	801040	773878	804116	803243	804637	805506	802270	800523	803341	569972	804941	767622	803042	803344	805477	804494	640936	804911	799755	804116	804606	804661	805172	804875	805427	804041	632652	735704	801164	751612	754117	797600	804679	619053	798054	788024	743691	798414	468734	775025	735985	790539	743676	789966	785093	633	0	797	569	562	792	0	321	570	322	759	304	4	2	241	748	561	563	0	11	23	804	12	0	809	0	727	767	404	419	568	485	537	30	558	7	675	238	442	574	650	744	782	570	67	748	669	567	548	18	746	611	784	0	8	671	4	780	802	19	51	0	536	1	599	0	42	577	1	779	1	0	781	565	26	613	317	769	789	1	310	22	40	784	750	0	606	767	567	601	810	609	320	810	793	802	441	0	272	226	301	240	810	552	802	361	1	621	412	383	772	0	91	42	740	648	507	176	1	2	576	578	0	0	0	0	437	1	0	198	555	521	428	436	0	810	768	526	586	288	1	689	317	597	574	316	410	0	540	743	796	787	797	761	574	595	492	644	612	0	678	1	303	516	1	545	638	404	261	533	185	539	635	0	2
NC_063226.1	18000001	826551	825986	826080	826089	808671	823901	825135	824251	824653	824614	824376	824463	824922	56750	291148	823186	825550	822865	825081	826073	174145	206711	825343	226130	824764	824196	825151	824286	825362	793589	806064	824920	820199	813786	165218	824981	74752	824795	824749	825274	824048	823389	824338	824561	825212	824536	824871	823742	801145	823699	254105	824324	825939	824972	823974	825005	822835	384828	823816	823376	235208	413274	825169	809000	823043	825781	168285	249283	826154	823570	825273	825850	198573	825541	825152	236718	825017	826241	823895	826059	812437	824129	230988	456242	825062	824957	825993	826095	824339	825896	826036	826182	825876	826005	826310	825303	825997	825920	816269	793034	824440	817038	825923	824697	822039	825477	630062	824322	777459	754662	721864	823144	824001	366056	468077	824347	791237	816828	455920	615576	754705	825055	824910	823078	826190	821683	824623	824693	212704	826186	475162	822822	807056	825224	824163	821491	824238	823494	808745	824485	681318	825380	806841	825123	824269	825645	825445	733676	825770	821642	823756	824968	825512	825897	825670	826119	824875	725025	798591	823634	807035	803512	805229	823884	740310	821311	818066	797509	822806	637332	811155	796413	820399	772749	819078	811064	703	0	635	138	531	632	0	688	546	0	635	0	0	124	744	542	524	539	0	157	82	641	106	0	640	0	617	801	688	723	531	138	511	88	538	35	483	504	736	546	465	440	870	539	617	443	480	143	530	140	445	146	629	0	190	570	0	444	757	176	189	0	716	0	144	0	127	542	0	619	398	127	626	545	176	144	213	450	630	0	0	4	352	632	446	0	145	621	545	145	569	145	775	568	501	639	746	0	699	728	686	736	640	517	258	391	0	552	464	595	538	0	169	386	440	478	515	274	0	0	549	546	395	0	0	0	724	0	0	271	131	140	739	728	0	460	610	437	141	171	0	591	0	729	550	756	620	0	511	579	561	625	637	896	548	142	717	567	392	0	575	0	293	491	0	142	575	728	376	139	681	143	529	0	0
NC_063226.1	19000001	804228	802650	803256	803197	779911	800809	801917	800427	802267	801436	801034	796158	802890	93885	459254	798968	803154	796838	802059	803350	460281	341768	801855	503223	801284	799888	801748	800805	802278	762390	759857	800503	759905	784645	299467	801039	148392	801575	800914	801829	799500	801834	801272	800148	802123	801149	801705	800484	750906	800528	510453	800674	802799	801558	793475	801090	757273	590764	802796	798834	491463	604892	802709	778906	801544	803261	367586	525439	802942	802435	803066	802809	476465	802818	802780	445775	801427	803253	799094	802969	745799	801576	505142	599246	801509	802117	803224	802951	800472	802606	802915	803009	802694	803025	803124	801489	802810	802462	791221	793909	802617	790331	803354	801394	797998	802541	708666	800491	777506	741150	781995	803000	800239	567329	682764	801089	778759	798146	632597	722856	781274	800866	802299	802470	803802	796678	802111	801758	501990	803582	638048	801003	786964	801586	801623	794135	801278	801556	773112	802056	729106	802879	794158	803296	801585	801091	802843	753247	803029	799156	798939	801770	802518	803063	802967	803440	802517	729173	798971	802499	800282	794348	763332	800790	783128	800549	801920	794309	801519	726383	799479	797150	802150	740962	801410	789649	269	0	52	4	305	53	0	83	319	0	51	0	0	131	329	319	297	310	0	113	112	53	1	0	52	0	52	80	310	305	303	3	310	81	314	58	3	752	327	313	1	92	757	316	214	315	2	5	306	40	312	4	52	0	313	2	3	316	53	138	141	0	51	69	4	0	27	319	0	51	763	353	53	318	123	3	4	768	52	3	21	257	205	50	314	0	3	53	770	4	272	4	49	273	171	52	788	2	256	331	232	331	54	305	0	44	2	52	289	50	314	0	143	223	308	266	301	0	0	0	191	91	768	0	0	2	330	0	0	39	0	50	743	333	0	311	50	251	1	5	299	53	21	46	155	52	50	0	297	2	274	52	53	50	92	3	43	51	5	0	51	0	308	51	0	53	51	737	263	53	315	4	47	1	0
NC_063226.1	20000001	828731	827772	828089	827920	824679	825541	827475	825553	827168	827439	827012	828106	826750	62414	346785	826549	828083	822924	827108	828160	194847	197028	827758	261748	826784	827448	827232	826080	827529	819491	826847	826287	828357	824458	154629	826483	75603	826702	826687	827017	826990	826652	826755	826217	827157	826258	826820	825247	825673	825045	309274	826216	827851	826486	826021	826206	827876	451921	826993	826557	276294	511746	827364	822489	826119	827947	178144	316671	828105	826792	827105	827953	236676	827434	827065	260406	827662	828280	826829	827844	826700	826237	282414	604463	827269	827208	828215	827980	826193	828062	828031	828152	827983	827954	828327	828163	828077	827799	818362	811067	827108	818812	827822	827456	823904	827594	724416	826695	805009	799081	778472	826321	825924	425491	552609	826292	807813	820521	557439	716957	785339	827604	827453	827265	828406	823743	827053	826642	238464	827863	579300	824547	820560	827289	826135	825199	827016	825746	812755	826642	735399	827103	819929	828061	826048	828053	827491	772408	827880	824498	826372	827144	827237	827924	827747	828332	826898	784276	816627	826767	821666	817072	797923	826094	790397	824260	825684	815772	825991	726682	822906	814992	825077	805042	824449	816788	336	0	351	561	301	429	0	566	315	173	416	172	1	172	147	313	299	307	314	54	19	418	132	0	416	0	400	309	161	167	531	807	569	37	308	5	787	668	788	315	304	556	771	545	177	777	790	790	296	49	786	569	268	397	643	315	1	2	567	88	2	320	644	470	558	2	101	313	0	1	680	99	412	1	36	571	567	685	469	559	459	137	138	353	795	0	565	381	678	566	768	563	650	765	264	470	735	526	100	304	92	286	301	101	0	408	0	463	617	598	536	0	0	143	776	710	4	312	0	0	146	200	449	0	287	568	422	4	87	63	304	304	781	396	0	792	471	464	540	1	3	396	473	137	0	463	600	0	301	310	752	401	389	393	204	544	143	373	559	0	374	0	569	373	309	309	166	559	241	309	261	475	392	542	0
NC_063226.1	21000001	801038	799851	799948	800141	789867	797621	799344	797872	799296	799329	798984	798128	799892	69066	442673	798509	800426	794616	799360	800265	407005	266773	799688	447097	798636	798877	799096	798083	799420	785882	787488	798347	788021	795735	232318	798821	106520	798460	798543	799259	798434	799096	798650	798271	799289	798506	799025	797379	770184	797581	474077	798203	799859	798711	795495	798483	785406	575163	799597	798174	461559	598368	799590	785392	799111	800353	321743	498030	800195	799420	799675	800270	421840	800018	800017	436028	799536	800403	798765	799853	778774	798728	459215	634563	799229	799447	799997	800153	797969	800238	799919	800170	800043	799866	800520	800048	799821	799945	792023	791738	799727	793748	800337	799676	797821	799706	716986	799327	777188	750887	770584	799793	798987	501660	662827	799575	778723	795952	625193	719486	774143	799410	800612	799725	800738	797142	799103	799018	428985	800528	636478	798223	787149	799348	798645	796837	800212	798785	783064	799351	728069	800322	790663	800612	798888	799978	799983	746567	800047	798189	797803	799169	799951	800008	799688	800351	799451	741882	795598	799239	798114	791245	758535	799381	775988	797408	798691	791031	798713	722630	796345	792659	798895	762261	798729	790846	488	0	484	568	425	417	144	569	443	488	580	488	37	211	547	441	361	433	441	176	103	231	172	249	576	234	560	463	251	252	241	545	321	36	435	0	557	480	542	414	460	560	465	246	449	543	467	533	415	217	382	579	251	422	495	409	158	31	575	166	15	293	0	499	578	3	173	392	237	290	485	143	494	43	150	463	578	491	418	544	221	181	181	306	537	27	580	333	490	565	427	573	483	428	402	419	449	291	425	383	305	261	459	317	176	446	236	488	316	33	387	412	21	205	527	424	44	430	24	398	398	432	572	236	363	333	409	4	458	341	282	405	486	295	22	536	483	302	560	163	44	0	429	494	104	1	3	238	385	416	420	568	336	2	416	355	418	476	564	28	479	447	479	328	282	417	236	481	356	407	454	288	456	561	386
NC_063226.1	22000001	717318	715851	716075	716490	655323	713531	715091	713685	715723	713722	713894	636096	716169	125213	507868	712483	715677	708543	714915	716363	500963	415634	714103	511211	714912	712853	714815	714339	715644	645773	549749	713317	302792	657886	399839	714838	226808	714908	714244	715183	712702	715011	714877	714247	715100	714675	714932	713984	540610	714212	481240	714602	715999	714297	701207	714480	198953	525463	714910	711468	476581	522880	715118	669191	715477	716619	446188	515438	715845	715840	715539	716380	497844	716135	715970	475948	714156	716640	712176	715804	447275	714794	478074	431380	714348	715790	716146	716390	713716	716460	715952	716031	715750	716252	716122	710968	715931	716106	703172	711457	716100	703793	716044	713219	710679	715783	611270	713861	687732	603343	703181	716306	712437	577981	677967	714546	694460	712840	561410	625898	704630	714053	715773	715877	716710	710766	715181	715293	575171	716792	585032	714534	687509	715875	715319	703993	715151	714979	671317	715795	638344	716603	706729	716371	715492	714482	715840	664933	715979	711763	711772	714613	716136	716353	716228	716513	715484	603573	713460	715716	714831	704231	676104	714620	697344	713301	715359	700154	715938	631013	712241	711521	714989	583134	715295	701832	555	424	729	549	465	562	545	674	475	665	604	733	92	266	671	477	393	466	662	390	306	734	25	425	430	356	420	681	648	579	272	345	357	247	700	107	736	570	678	136	471	665	144	350	82	686	719	525	136	348	680	684	704	5	633	211	399	698	650	376	367	345	4	754	530	219	184	467	162	729	455	409	696	619	392	419	685	586	567	341	697	366	384	683	688	584	665	572	464	469	150	473	598	153	682	151	646	228	610	683	598	627	3	647	678	647	565	739	262	631	496	137	315	602	665	594	587	44	402	421	681	641	410	161	463	303	623	477	4	1	335	672	618	664	496	682	593	264	50	623	610	4	150	448	149	0	453	239	651	734	548	403	635	451	150	344	659	715	632	479	722	80	615	263	334	697	610	618	624	692	622	618	608	656	125
NC_063226.1	23000001	128659	128445	128457	128592	126567	128243	128305	128107	128436	128355	128318	121381	128443	21627	62506	127787	128519	127024	128427	127911	60259	55797	128354	68161	128381	127879	128355	128207	128412	122922	96865	128216	79669	125194	52158	127715	29196	128295	128157	127840	128271	128355	128210	127546	128490	128197	128279	128124	110896	128337	66143	128273	128450	127503	125473	127854	73870	82095	128246	127732	66362	75654	128348	121472	128235	127874	55352	66166	128515	126696	128268	128512	59009	128224	128431	58636	128413	128562	128126	128477	100520	127622	62734	69724	128300	128382	128586	128612	128210	128592	128568	127861	128598	127942	127931	127560	127924	128580	125909	121887	128181	125496	128504	127810	127597	128466	102132	128069	120845	110552	115054	127831	127025	74120	94383	128236	122691	126793	82082	100491	119265	128149	127779	126700	128535	127742	128381	128370	74160	128547	89446	128051	124251	128324	128312	126468	128011	128236	121425	128346	107686	128332	123588	127624	128320	127758	127833	114555	128545	127890	127769	128357	128362	128544	128511	127934	128341	107851	123422	128041	123602	123617	123457	128220	114596	128038	126845	122093	128058	101358	125491	122377	126742	112105	127171	123008	23	23	23	22	30	23	23	17	30	22	20	23	5	17	29	29	25	29	9	3	11	23	0	0	0	29	0	17	9	6	22	4	28	3	9	7	17	19	9	0	28	15	0	23	29	20	15	7	5	3	17	16	9	0	18	12	13	20	22	12	16	24	0	17	0	13	10	29	0	23	29	6	20	30	5	23	17	19	22	0	9	4	7	20	20	19	22	19	0	29	0	29	0	0	17	0	4	25	20	20	19	23	0	16	17	20	17	17	18	21	30	0	11	6	16	6	30	0	23	0	17	8	0	0	29	23	16	5	0	1	22	24	6	20	21	20	23	21	0	15	30	0	0	28	0	0	24	27	17	17	22	0	22	28	0	30	12	21	6	29	23	27	6	0	24	24	20	6	15	23	17	30	18	30	0
