chrom	window_start	sites_total	calls_AL101	calls_AL102	calls_AL103	calls_AL114	calls_AL119	calls_AL120	calls_AL121	calls_AL124	calls_AL125	calls_AL127	calls_AL129	calls_AL133	calls_AL134	calls_AL137	calls_AL138	calls_AL141	calls_AL142	calls_AL143	calls_AL146	calls_AL149	calls_AL153	calls_AL155	calls_AL156	calls_AL159	calls_AL160	calls_AL162	calls_AL166	calls_AL170	calls_AL173	calls_AL174	calls_AL175	calls_AL176	calls_AL177	calls_AL178	calls_AL180	calls_AL181	calls_AL182	calls_AL184	calls_AL185	calls_AL187	calls_AL189	calls_AL193	calls_AL196	calls_AL197	calls_AL199	calls_AL200	calls_AL201	calls_AL204	calls_AL207	calls_AL208	calls_AL209	calls_AL210	calls_AL213	calls_AL215	calls_AL216	calls_AL220	calls_AL223	calls_AL231	calls_AL238	calls_AL241	calls_AL242	calls_AL243	calls_AL244	calls_AL246	calls_AL254	calls_AL255	calls_AL256	calls_AL263	calls_AL266	calls_AL269	calls_AL272	calls_AL273	calls_AL274	calls_AL276	calls_AL278	calls_AL279	calls_AL283	calls_AL284	calls_AL288	calls_AL292	calls_AL300	calls_AL303	calls_AL304	calls_AL307	calls_AL309	calls_AL313	calls_AL32	calls_AL35	calls_AL75	calls_AL82	calls_AL86	calls_AL88	calls_AL91	calls_AL92	calls_AL95	calls_AL97	calls_AL99	calls_K1423	calls_K1461	calls_K1542	calls_K1544	calls_K1567	calls_K1579	calls_K1580	calls_K1583	calls_K1603	calls_K1606	calls_K1608	calls_K16100	calls_K1614	calls_K1617	calls_K1618	calls_K1623	calls_K1627	calls_K1632	calls_K1640	calls_K1650	calls_K1660	calls_K1663	calls_K1665	calls_K1669	calls_K1672	calls_K1680	calls_K1684	calls_K1693	calls_K1696	calls_K17007	calls_K17008	calls_K17010	calls_K17013	calls_K17014	calls_K17025	calls_K17028	calls_K17030	calls_K17032	calls_K17033	calls_K17034	calls_K17035	calls_K17037	calls_K17040	calls_K17042	calls_K17044	calls_K17045	calls_K17048	calls_K17052	calls_K17053	calls_K17056	calls_K17062	calls_K17064	calls_K17073	calls_K17077	calls_K17078	calls_K17081	calls_K17083	calls_K17087	calls_K17091	calls_K17094	calls_K17098	calls_K17099	calls_K17101	calls_K17102	calls_K17103	calls_K17104	calls_K17106	calls_K18010	calls_K18017	calls_K18019	calls_K18022	calls_K18034	calls_K18078	calls_K18083	calls_K18084	calls_K18091	calls_K19018	calls_K19019	hets_AL101	hets_AL102	hets_AL103	hets_AL114	hets_AL119	hets_AL120	hets_AL121	hets_AL124	hets_AL125	hets_AL127	hets_AL129	hets_AL133	hets_AL134	hets_AL137	hets_AL138	hets_AL141	hets_AL142	hets_AL143	hets_AL146	hets_AL149	hets_AL153	hets_AL155	hets_AL156	hets_AL159	hets_AL160	hets_AL162	hets_AL166	hets_AL170	hets_AL173	hets_AL174	hets_AL175	hets_AL176	hets_AL177	hets_AL178	hets_AL180	hets_AL181	hets_AL182	hets_AL184	hets_AL185	hets_AL187	hets_AL189	hets_AL193	hets_AL196	hets_AL197	hets_AL199	hets_AL200	hets_AL201	hets_AL204	hets_AL207	hets_AL208	hets_AL209	hets_AL210	hets_AL213	hets_AL215	hets_AL216	hets_AL220	hets_AL223	hets_AL231	hets_AL238	hets_AL241	hets_AL242	hets_AL243	hets_AL244	hets_AL246	hets_AL254	hets_AL255	hets_AL256	hets_AL263	hets_AL266	hets_AL269	hets_AL272	hets_AL273	hets_AL274	hets_AL276	hets_AL278	hets_AL279	hets_AL283	hets_AL284	hets_AL288	hets_AL292	hets_AL300	hets_AL303	hets_AL304	hets_AL307	hets_AL309	hets_AL313	hets_AL32	hets_AL35	hets_AL75	hets_AL82	hets_AL86	hets_AL88	hets_AL91	hets_AL92	hets_AL95	hets_AL97	hets_AL99	hets_K1423	hets_K1461	hets_K1542	hets_K1544	hets_K1567	hets_K1579	hets_K1580	hets_K1583	hets_K1603	hets_K1606	hets_K1608	hets_K16100	hets_K1614	hets_K1617	hets_K1618	hets_K1623	hets_K1627	hets_K1632	hets_K1640	hets_K1650	hets_K1660	hets_K1663	hets_K1665	hets_K1669	hets_K1672	hets_K1680	hets_K1684	hets_K1693	hets_K1696	hets_K17007	hets_K17008	hets_K17010	hets_K17013	hets_K17014	hets_K17025	hets_K17028	hets_K17030	hets_K17032	hets_K17033	hets_K17034	hets_K17035	hets_K17037	hets_K17040	hets_K17042	hets_K17044	hets_K17045	hets_K17048	hets_K17052	hets_K17053	hets_K17056	hets_K17062	hets_K17064	hets_K17073	hets_K17077	hets_K17078	hets_K17081	hets_K17083	hets_K17087	hets_K17091	hets_K17094	hets_K17098	hets_K17099	hets_K17101	hets_K17102	hets_K17103	hets_K17104	hets_K17106	hets_K18010	hets_K18017	hets_K18019	hets_K18022	hets_K18034	hets_K18078	hets_K18083	hets_K18084	hets_K18091	hets_K19018	hets_K19019
NC_063224.1	1	746531	703624	745671	745964	723823	744060	745319	742561	745305	745037	744648	745424	745412	121839	497952	743676	745947	737072	745048	745955	393209	363830	745284	448675	743439	743247	744355	744606	745461	718256	730420	741657	718471	736890	335716	743609	155910	743785	744679	745172	743704	744783	744830	742251	745330	743604	745030	743604	716535	744125	440363	742664	745363	744699	741100	744748	740634	569916	745242	742290	449748	540216	745266	734758	744708	745901	333972	430419	745854	745026	745543	745454	372241	704702	745462	425941	745168	746033	743695	745682	736404	703170	430827	574311	745153	745322	746094	745885	744054	745621	744779	745643	744897	745866	746126	745533	745436	745723	737248	734700	745026	736653	745943	744460	739751	745585	659835	744342	727321	700363	712900	745529	742711	477887	570112	744335	727834	740855	562969	662378	717012	744731	745824	744443	746297	740230	745159	745016	348551	746264	566947	743696	738125	745163	743871	740785	744492	742791	727225	745154	675952	745679	739247	746119	744604	745360	745649	697835	745353	742503	742137	744199	744394	745909	745663	746166	745080	692463	740485	745118	743279	737977	718623	744184	721664	743456	743830	736980	744277	668519	742001	737225	744481	702448	743872	733326	251	364	3	0	1	2	362	8	3	1	367	368	1	2	2	380	359	1	1	173	2	3	1	357	364	374	2	2	1	1	367	1	370	2	371	60	372	3	2	372	7	2	361	2	366	1	7	3	4	170	335	366	3	3	3	359	3	365	363	180	2	2	8	4	3	0	184	3	3	3	377	140	255	2	2	3	3	6	3	1	0	2	2	2	2	2	1	3	374	373	367	368	3	3	2	361	3	5	363	4	7	3	3	361	3	328	5	355	337	3	6	355	9	6	5	9	5	8	5	8	367	4	366	5	347	2	2	0	3	3	5	364	8	370	6	380	362	5	8	344	3	11	370	5	3	8	8	375	5	368	358	362	3	2	3	3	2	5	5	5	3	359	7	349	5	367	3	5	316	372	5	3	4	3	10
NC_063224.1	1000001	683287	682010	682430	682265	621726	680266	681463	679642	681545	679431	678982	587434	682108	130593	441645	676923	681454	677199	681505	682319	410223	317687	679406	432213	680701	678073	680975	680868	681436	607693	519841	680307	344596	615195	287710	681076	205111	680842	680672	681391	677209	680997	680741	680971	681450	680786	681249	680056	508766	679947	432786	680584	682119	680936	667468	680924	375650	462245	680763	675396	409912	471002	682007	640031	681232	682540	344060	443065	681910	681568	681769	682392	417279	681806	682022	409046	679725	682321	677042	681949	468418	681195	409522	440811	680604	681402	682409	682466	680343	682215	682089	682507	681913	682099	682582	672739	682273	682015	670739	673163	682000	669624	682502	678170	677207	681835	588293	679996	659472	576695	665261	682510	679179	509486	621206	679863	660541	677732	532749	607204	666009	679801	681725	681727	682778	677127	681703	681577	497108	682678	555979	680787	652982	681833	681260	667000	681040	681155	641406	681546	615817	682573	672855	682708	681178	681020	682317	630219	682295	678368	676853	681047	682132	682434	681951	682637	681957	574126	679839	681777	680941	671786	640914	680604	663732	679131	681192	664270	681765	607158	677929	677911	680434	552341	681233	665630	769	152	667	0	337	660	600	732	228	232	334	381	0	89	1	741	689	229	231	203	0	285	338	372	151	614	227	658	621	515	529	154	669	0	720	216	756	596	209	735	438	621	754	0	709	224	439	189	0	195	615	151	222	204	0	444	156	731	443	125	0	228	644	664	231	93	330	657	227	228	763	213	781	229	103	1	622	673	231	181	0	343	359	227	613	0	0	648	744	423	151	513	662	669	623	150	622	609	666	0	207	661	231	672	0	646	0	591	123	234	1	431	2	1	220	700	0	491	208	233	149	227	382	0	670	660	1	144	241	184	222	139	734	536	1	570	233	3	664	664	0	447	383	374	231	447	410	629	637	327	151	381	229	166	668	0	228	278	621	1	275	148	603	148	228	153	218	614	133	151	648	229	214	239	647
NC_063224.1	2000001	751406	749454	750398	750098	737235	747993	749222	747562	749438	749651	749172	697523	749526	96165	426507	747585	750189	744962	749148	750237	355143	288642	748604	404198	748659	747997	749240	748004	749318	734068	675753	747988	628559	734275	255387	748657	145819	748535	748495	749105	748322	749007	748508	747825	749135	748407	748923	747373	655846	747567	423666	748245	749649	748580	739803	748521	628909	488455	749797	747233	394949	527268	749749	718217	749205	750261	294886	441897	750125	749843	749620	750238	379953	749727	749785	378826	749573	750481	748066	750270	638961	747100	414275	558801	748521	749516	750303	749986	747878	750270	749733	750321	749899	750059	750530	745616	749784	749893	741395	742238	749287	741062	750607	748513	745822	749105	677427	748639	729802	678473	725860	750013	747880	511209	652853	748807	729111	746099	588833	680971	729405	749481	750169	748769	750833	745950	749484	749309	437258	750834	621024	748725	731056	749789	748935	742333	748974	749178	723199	749637	678961	750542	741764	750473	749313	750073	750094	699399	750068	747252	747120	748837	749777	750174	749967	750632	749710	663353	746545	749456	748479	739870	704919	748971	730770	747276	748401	733503	749450	676955	745027	743564	749065	666676	748369	738124	796	253	706	1	484	570	302	615	185	569	825	875	33	86	702	515	466	289	670	261	134	407	179	749	704	1	641	571	668	636	454	164	724	0	197	41	302	593	150	513	214	600	866	464	280	282	210	207	1	347	589	696	288	278	0	745	191	246	692	187	0	266	624	559	566	121	79	169	560	295	655	354	662	262	111	152	122	118	283	466	4	220	345	645	602	1	0	553	688	215	478	184	573	580	76	690	76	446	512	749	257	572	297	155	762	485	153	498	216	68	504	680	230	582	547	607	0	463	516	662	248	285	869	566	278	168	495	69	376	278	244	672	613	515	138	616	512	372	637	647	2	516	773	106	291	216	206	152	153	415	688	661	287	294	580	1	251	565	607	153	569	254	598	673	259	203	282	600	210	199	543	263	629	68	616
NC_063224.1	3000001	830526	829825	829776	829895	827074	827496	828806	827824	828638	829278	829321	829204	828808	44117	284893	829244	829501	826988	829083	829741	162289	155841	829548	223046	828397	829560	828836	828023	829206	825885	828726	828476	829506	826394	112178	828342	49079	828578	828648	828916	829164	828334	828513	827717	829015	828378	828732	827271	828005	827463	279031	828179	829617	828530	829014	828627	828769	391187	828622	829219	245356	505681	829174	824514	828264	829530	150608	304619	829932	829105	829392	829821	208840	829414	829488	237230	829921	830074	829377	829788	827030	827558	260129	607291	829046	828989	829670	829747	828004	829701	829690	829856	829783	829486	829907	829616	829664	829591	823149	813884	828779	824017	829991	829671	828291	829141	727697	829459	807857	800836	780564	829385	829250	414670	589662	829173	812435	824568	564347	722417	788997	829785	830140	829106	830325	827187	828877	828587	230835	830012	592974	828060	822790	829262	828152	828940	829938	827934	820144	828785	736308	830003	821850	829865	828760	829933	829564	770906	829835	827906	828873	828929	829506	829735	829510	829892	828634	787358	818811	828446	824194	817771	798413	829106	792001	827194	827874	818578	828391	734541	826128	816078	827759	807664	827247	821389	765	412	843	331	324	619	658	566	411	428	582	724	17	57	701	328	586	606	700	43	59	677	84	459	473	463	687	659	716	732	547	749	528	23	412	7	691	569	669	332	661	479	597	548	321	325	654	735	457	55	472	492	327	522	1	612	82	327	759	134	174	673	692	698	562	45	87	462	591	406	530	80	529	200	87	754	495	480	436	554	341	157	334	691	791	173	0	633	531	502	660	1	779	676	81	842	567	301	315	722	320	671	333	310	719	662	203	782	423	604	744	681	145	410	325	511	325	364	489	380	623	334	575	494	188	0	690	60	706	271	640	757	523	803	201	375	792	475	461	496	536	661	820	642	334	669	585	618	1	367	483	690	330	239	223	533	617	644	572	319	647	315	568	457	651	609	589	550	488	609	539	668	713	719	526
NC_063224.1	4000001	844462	843995	844146	844004	841036	841858	842846	842104	842685	843125	842758	842544	842758	39461	313642	842695	843812	841912	843183	843822	111003	173091	843275	157846	842842	843124	843321	842521	843190	840227	841045	842909	841767	839807	127486	842881	49291	842618	842667	843279	843036	841322	842686	842123	843361	842378	842992	841639	841456	841856	202603	842368	843886	842728	843930	842862	840315	387457	842369	842896	190474	385574	843122	833738	841010	843634	123516	204770	844175	842802	843079	843934	135064	843351	843318	210141	843502	844215	842898	843900	834062	841640	181333	484513	843074	842843	844015	843993	842001	843800	843870	844107	843939	843894	844226	843038	843863	843820	836150	813830	842458	838509	843984	844315	842405	843346	655989	843584	800080	792718	742016	841605	843712	303427	453530	843442	816251	835798	439351	638946	772262	843562	844294	842209	844247	841456	842850	842420	140820	844125	469682	841222	831566	843068	841924	842944	844055	841156	834925	842536	693939	843800	827649	843300	842170	843683	843187	750104	843704	840888	842095	843051	843271	843805	843651	844046	842927	764679	816994	841747	826566	821565	826916	842897	759684	839239	837753	817478	840129	660169	832509	816052	839019	810157	837403	831139	481	449	543	515	39	495	444	685	490	264	261	686	20	142	450	39	466	480	479	0	38	476	60	36	39	445	474	692	671	667	471	678	461	45	487	0	465	38	452	38	442	475	518	476	35	37	442	677	433	0	474	452	37	479	0	481	166	37	474	85	174	441	634	664	689	29	3	489	471	486	450	22	443	0	72	699	455	450	301	644	523	69	102	470	540	266	0	1	452	651	0	0	537	536	263	529	265	34	37	0	33	449	303	35	688	457	0	624	384	562	475	446	53	272	39	416	487	237	356	0	253	39	262	0	0	0	667	0	479	0	435	428	442	678	0	264	671	417	39	34	681	645	552	420	39	475	415	486	0	259	0	466	38	0	0	669	33	624	493	39	639	36	537	1	434	478	458	521	326	471	241	437	621	467	640
NC_063224.1	5000001	840460	840027	840038	840043	835976	837960	839276	838054	838843	839147	839227	839025	838502	46557	265364	839508	839537	837841	839252	839919	105390	159960	839747	153789	838807	839678	839249	838314	839484	834280	837476	838640	838341	834740	121410	838870	52175	838503	838759	839186	839391	837880	838655	838239	839057	838629	839053	837807	837399	837742	181499	838462	839847	838995	839856	838758	837301	371479	838237	839002	181731	379925	839235	830014	837374	839806	114150	187434	840209	838648	839207	839868	115691	839281	839383	184959	839975	840206	839619	839924	834078	837925	163916	480197	839228	838983	840013	839936	838166	839910	839881	840141	840013	839813	840095	839277	839949	839909	832241	804836	838129	833896	839973	840125	838344	839443	641469	839807	792404	790712	730097	836483	839406	330438	431535	839402	808413	829336	439525	627571	765670	839837	840254	837748	840162	837330	838633	838310	130606	840179	457970	837382	828352	839168	838313	838953	840066	837499	831233	838436	689498	839673	823843	839503	838145	840038	839446	741150	839790	836743	838989	839142	839393	839817	839551	840109	838683	765434	806006	837689	820131	813889	827384	838833	756725	834784	833132	813300	835428	652912	827033	807627	833431	808473	833052	826982	453	457	135	132	3	132	446	574	449	721	711	702	14	62	455	3	440	448	581	1	64	580	26	4	4	445	567	705	560	434	566	568	552	20	446	0	559	0	449	0	442	450	129	573	3	0	449	560	433	0	440	458	3	580	3	432	98	3	573	75	115	448	673	694	713	60	0	453	683	436	440	47	443	0	38	589	453	454	716	661	133	42	301	445	2	718	1	3	447	453	4	0	130	136	705	136	708	0	3	0	2	448	715	3	705	380	0	506	388	572	689	451	177	294	4	398	124	164	389	2	0	136	706	4	0	3	687	0	575	1	421	419	449	578	0	719	565	513	4	7	562	671	133	428	4	571	485	450	3	699	0	558	3	1	0	571	3	642	440	0	666	0	127	2	430	436	413	126	265	425	651	312	517	550	657
NC_063224.1	6000001	832792	832057	832329	832135	811070	830207	831328	830473	831147	830358	830410	826033	831071	76534	350926	829587	831702	829197	831525	832150	237076	244316	831036	282598	830979	830171	831473	830476	831392	794022	797644	830856	825374	813955	212389	831028	110563	831031	830829	831303	830050	830030	831101	830621	831499	830738	831015	829540	794911	830151	310152	830463	832143	831049	828061	831093	827507	442436	830419	829024	282909	438275	831340	810839	829357	831863	213923	307934	832355	830971	831296	832175	251594	831719	831457	281908	831196	832404	829407	832032	786642	830011	298864	497488	830983	831126	832231	832055	830008	832228	832070	832290	832003	832005	832346	829775	832009	831925	821879	799252	830476	823891	832256	831489	828607	831572	657299	830359	781479	758541	745266	828705	830731	411474	525146	830718	798810	823540	494446	649917	767948	830677	831765	829917	832382	828187	831295	830767	274294	832301	528523	829251	816012	831503	830610	827452	831547	830124	812649	830824	697739	831990	813254	831619	830636	831014	831738	746726	832157	827968	829222	831411	831579	832123	831893	832371	830996	733648	804919	829856	810910	807770	807704	830340	752264	827401	826353	805330	828333	652090	818522	803649	825483	775034	825092	816436	603	542	549	533	176	476	515	632	357	717	692	766	50	54	543	180	353	357	552	76	82	610	175	178	177	606	528	739	624	476	539	643	515	89	360	36	542	240	521	243	591	422	309	543	160	0	581	615	585	81	419	603	160	590	171	408	138	179	610	181	222	599	695	734	752	43	93	193	175	414	605	170	601	0	67	674	675	674	741	657	476	196	387	604	17	712	17	177	534	565	176	65	546	552	715	490	713	235	156	241	142	611	621	154	767	479	0	592	288	613	730	590	58	419	169	556	348	186	367	1	246	589	703	174	0	173	737	1	614	4	579	511	663	666	0	707	651	464	176	221	660	708	565	568	177	594	504	366	169	698	17	534	162	0	0	654	167	696	420	237	697	237	526	239	584	351	333	512	228	332	659	364	587	583	677
NC_063224.1	7000001	838585	837792	837941	837500	823503	835225	836498	835986	837152	836894	836878	826538	837715	82940	444462	835318	837782	832035	837086	838017	371013	311071	837104	433568	836455	836115	836842	836337	837323	811936	765775	835658	760274	825944	267355	836761	136496	836923	836388	836809	836017	836578	836025	835581	837368	835879	834449	835074	767169	835091	434523	836141	837746	836841	827809	836652	786551	538648	837019	835483	405142	585994	837336	807164	836684	837849	305103	470430	837623	836322	837428	837775	399979	837529	837465	358729	836997	838072	835972	837693	759561	835953	427338	598747	837085	837135	838125	837700	835782	837862	837739	837727	837907	837851	838230	835307	837447	837951	823331	827897	837065	821901	837857	836075	831874	837537	745458	835425	818061	775259	815648	837306	833012	580316	697302	835089	820168	829235	653823	754112	815786	837043	837004	836998	837686	830773	837117	836782	456695	838168	667528	834345	822411	837435	836783	826550	835418	836262	803344	836654	770948	836914	831991	837938	835636	837414	837777	796441	837928	834108	835001	836745	837730	837854	837581	838260	836698	765814	834127	836893	836226	829855	800653	835582	819217	834940	836103	826151	835413	754169	833965	832702	835424	773630	836309	822365	493	596	728	715	502	717	0	372	322	423	549	410	26	155	591	525	302	318	353	232	1	34	233	509	523	488	340	181	469	0	329	443	349	93	308	38	341	381	1	385	509	2	2	347	505	1	510	453	488	214	3	522	314	32	493	2	2	519	35	203	33	492	385	403	408	220	222	0	714	3	492	234	491	279	135	495	386	390	407	378	716	228	261	481	591	353	592	483	612	498	727	318	493	494	415	721	409	338	481	383	440	493	36	474	406	430	0	482	283	676	404	487	349	295	501	478	19	2	0	1	391	315	555	725	0	494	484	1	35	2	470	579	386	479	0	540	484	265	514	364	488	402	390	500	522	35	33	320	469	545	589	346	319	0	0	477	451	399	3	321	401	368	370	378	486	322	295	362	282	319	403	19	340	34	360
NC_063224.1	8000001	849635	849005	849114	849090	843637	846799	848214	846966	848039	848037	847606	847149	848537	74749	381984	846747	849092	844237	848180	849232	251684	250740	848420	325892	847911	847051	848223	847295	848584	834817	827996	847447	838736	844481	204864	847857	101881	848007	847693	848266	846998	847858	847755	847335	848485	847927	847921	846710	819804	846719	353481	847243	849039	848178	844376	847919	844039	502488	848420	846450	315103	531006	848392	833190	847427	848992	224894	355294	848860	847456	848577	849108	280248	848813	848257	277926	847878	849124	847151	848958	826483	847247	331141	591656	848195	848155	849106	849092	847110	849307	848779	849291	849074	848995	849354	848029	849039	849209	838769	836217	847966	838534	849081	847913	845346	848630	730982	847101	824808	800091	804421	848298	846919	496101	607861	847581	829849	843936	592054	733089	811889	847623	848633	848124	849363	844207	848146	847857	307060	849311	610682	846798	837532	848399	847673	843936	848168	847332	825207	847951	758382	848757	840341	849088	847607	848250	848541	793761	848877	846173	846240	848401	848493	849034	848544	849239	848248	786323	840895	847969	845841	837524	814610	847468	812622	844362	846795	836025	847143	745781	843566	837935	846846	805703	846864	838473	682	173	744	740	579	618	0	551	628	653	710	653	36	146	172	608	608	619	732	135	72	469	161	595	604	677	714	458	761	1	709	774	719	121	613	47	716	627	2	635	599	0	0	726	582	0	589	744	669	181	0	608	613	438	673	0	13	603	464	185	280	677	663	687	696	114	189	0	722	0	689	185	685	686	118	779	643	637	705	688	714	187	370	680	172	736	172	677	623	179	738	625	773	780	659	733	653	578	567	631	537	688	462	668	654	616	105	731	624	654	703	589	265	351	583	647	640	1	1	414	643	628	705	739	0	671	753	0	468	3	658	163	632	765	0	704	759	584	590	552	765	683	643	584	608	459	420	626	651	698	170	719	622	0	0	765	546	618	0	613	614	621	539	598	663	621	164	531	500	610	612	658	573	459	634
NC_063224.1	9000001	850171	849757	849752	849717	846947	847489	848904	847528	848206	848913	847448	848313	847184	60160	314087	847891	849412	847580	848692	849615	106240	206330	848765	134767	848404	848236	849061	847947	849111	846479	842269	848323	842184	845692	164361	848425	74627	848469	848412	848617	848285	846433	848300	847646	849101	848147	848832	847410	839824	847211	165646	847899	849574	848531	849600	848650	846025	373562	847341	847906	160830	304935	848873	826119	845828	849377	109992	151569	849772	846650	848164	849582	103962	848851	848864	185046	848904	849862	848304	849566	839614	847109	170351	379060	848636	848481	849815	849724	847939	849548	849464	849837	849600	849558	849900	848254	849699	849600	840665	801910	847364	843151	849555	849668	847241	849124	569681	848513	780154	766383	693532	845012	849055	271952	339503	848996	807698	837908	349864	536279	744016	848713	849839	845303	849857	846630	848617	848260	103444	849836	375723	846024	824257	848597	847757	848194	849787	846665	839346	847994	656580	849387	822140	848419	847591	848875	848867	720680	849486	845774	847708	848968	849064	849549	849272	849710	848502	719016	806396	846996	817315	813718	837035	848550	710915	843656	838359	807470	843952	572146	825797	803922	838422	799836	839165	831555	591	0	306	307	644	641	0	731	666	672	664	658	39	167	0	665	646	653	669	57	105	848	63	653	671	586	644	838	302	0	653	284	644	81	656	46	653	566	0	579	635	0	1	657	657	0	643	292	572	75	0	669	659	852	587	0	212	644	846	41	136	587	505	553	573	53	58	0	586	0	596	62	586	590	77	307	582	580	573	527	578	67	176	589	0	670	0	574	662	678	594	663	304	306	659	589	672	533	580	557	610	599	852	629	662	144	600	245	460	193	563	647	92	168	83	509	537	0	1	645	582	664	656	593	0	586	285	0	843	0	560	1	573	293	0	666	299	572	637	384	291	508	575	631	671	830	611	662	559	658	0	650	662	0	0	299	475	524	0	622	539	563	731	423	575	634	0	688	358	607	573	566	505	799	510
NC_063224.1	10000001	843199	842613	842675	842640	837613	840075	841538	840554	841313	840933	839731	840569	841173	59115	254194	839580	842173	841249	841579	842479	97392	154958	841036	134215	841471	840533	841867	840812	841982	830895	838268	841753	829319	836030	128278	841367	64144	841362	841580	841684	839982	839416	841085	840406	841892	841197	841588	840173	835737	840153	175284	841066	842564	841561	842783	841428	834985	339549	840836	839832	158774	343906	841751	830551	839240	842354	116263	169945	842904	841130	841424	842529	112122	841976	841838	191992	841301	842828	840750	842559	829033	840170	146167	440983	841379	841591	842658	842694	840378	842286	842327	842746	842590	842412	842752	840726	842609	842403	834894	799031	839988	837307	842594	842886	840698	841968	612683	841470	780444	776821	707569	838783	842296	310012	398457	841956	807813	832530	405776	591107	750704	841085	842960	839403	842953	840265	841383	841188	124018	842744	424464	839089	824004	841559	841006	841176	843094	840278	835539	841098	670911	842213	819937	841558	840688	841766	841823	727860	842521	838659	839966	841733	842104	842407	842323	842695	841160	743906	804392	839923	814950	808835	830272	841763	735067	837821	831688	809180	838505	612933	825085	800688	834275	794692	834765	827366	708	2	414	405	506	572	0	596	522	588	508	588	30	98	2	522	504	515	520	46	9	87	52	508	525	696	509	88	393	0	511	368	505	50	506	38	512	535	0	70	510	5	1	512	514	0	504	389	687	70	5	532	520	87	697	5	27	514	88	33	153	699	545	582	591	61	58	0	705	5	708	44	708	707	85	413	556	556	592	529	684	82	296	697	2	525	2	688	358	475	712	528	413	411	577	709	600	500	470	521	491	705	86	492	593	247	708	361	597	308	579	524	173	193	5	619	598	4	0	68	551	531	503	707	0	700	397	0	87	2	680	2	538	403	0	525	394	463	507	385	405	550	549	508	529	83	71	519	673	513	2	509	522	0	0	404	431	585	5	487	581	535	592	429	613	503	2	573	327	505	526	617	480	79	531
NC_063224.1	11000001	835967	835532	835573	835479	827062	833453	834653	833617	833389	834559	834506	822289	831679	44118	203901	834964	833976	834281	834731	835431	51949	132510	834570	59269	834555	835313	834725	833571	835013	826298	828410	834558	691567	825308	107277	834106	50577	834137	834236	834623	835092	829150	834141	833488	834769	833866	834522	833420	822743	833083	92901	833887	835521	834548	834901	834556	799122	245558	830213	835092	81289	188951	834427	807698	830826	835128	64452	83486	835728	831516	833803	835395	53673	834401	834941	139898	835528	835779	835183	835596	770281	832758	93897	268188	834442	834065	835555	835424	833849	835148	835291	835525	835564	835352	835708	823040	835296	835506	828487	734387	829600	829516	835367	835669	833192	835028	465378	835187	703659	700775	568658	825095	835037	215370	243194	834622	759973	813513	243449	403446	678077	835342	835813	824472	835637	832202	834101	833260	54504	835671	278128	830795	792738	834319	833750	833841	835718	831938	828496	833126	564791	835014	776352	831371	833066	835522	834703	640225	835230	827247	834548	834608	834852	835344	835110	835575	833987	643893	728606	829165	741425	763793	826778	834275	594926	828547	805702	744195	823425	433883	788060	732428	809023	768072	812311	806677	576	1	595	568	539	478	0	567	552	675	491	675	12	72	1	549	548	549	10	5	0	1	12	538	560	574	530	1	568	2	552	350	490	50	548	10	544	676	0	1	503	3	0	550	539	0	543	532	558	20	2	556	549	1	560	3	0	520	1	46	61	672	486	556	586	27	38	0	560	2	578	15	571	663	39	591	695	693	592	408	573	34	121	556	1	559	1	559	511	620	578	554	593	600	616	570	688	638	436	650	510	573	1	528	676	251	574	432	411	312	560	552	97	132	2	435	497	1	0	2	692	558	514	579	0	561	575	0	1	4	630	1	671	572	0	556	573	495	532	358	574	473	680	532	557	1	1	553	524	546	1	537	552	0	2	577	320	420	2	456	452	660	570	424	523	493	1	533	201	438	532	500	524	1	492
NC_063224.1	12000001	840017	839271	839439	839405	832907	837370	838610	837739	837558	837947	837324	832475	836511	50218	241211	837761	838751	837844	838456	839144	72658	160601	838119	100969	838332	838478	838694	837316	838841	829197	834725	838393	774043	831626	121403	838186	61428	838056	838215	838604	837682	834421	837974	837256	838893	838269	838755	837055	827341	837070	125238	837723	839358	838466	838822	838404	820677	318683	835646	837127	125624	261382	838327	817538	835010	839082	87029	110150	839573	836782	837989	839457	68076	838378	838508	165358	838758	839646	837395	839485	808444	836683	117927	328640	838405	838050	839514	839444	837612	839273	839356	839527	839452	839295	839714	832430	839429	839303	831070	774848	836002	834300	839429	838988	837286	838938	537546	838175	753484	749848	650574	834007	838631	238014	298849	838467	792745	824024	304296	492589	719370	838127	839488	832930	839714	836020	838114	837789	72152	839626	336855	835458	808361	838162	837597	837232	839356	836554	831625	838027	626816	839129	804139	837476	837570	838763	838663	691221	839167	834017	837438	838747	838588	839279	839038	839388	837957	702009	778973	836204	788755	788801	831649	838142	672923	834609	824875	788338	832800	530387	811323	775246	825793	786735	825456	818955	862	5	428	402	761	51	0	673	775	725	733	721	17	128	5	770	758	762	16	1	5	633	45	759	781	856	756	631	397	0	758	366	718	59	757	31	765	715	0	16	582	619	0	765	764	0	588	406	826	57	619	648	766	629	851	574	156	731	632	35	122	713	384	417	441	48	41	0	850	614	866	26	845	722	81	453	328	327	438	395	704	60	220	844	5	778	5	838	379	727	862	608	425	429	681	861	732	669	642	689	722	859	15	756	734	231	859	341	640	272	428	606	151	167	617	722	682	177	0	17	735	613	736	863	0	849	415	0	632	0	680	3	315	422	0	773	410	701	753	442	421	391	729	574	781	610	463	767	816	766	5	753	777	0	0	418	534	632	620	688	635	707	440	505	741	736	5	421	358	700	593	712	259	590	392
NC_063224.1	13000001	835273	834595	834779	834896	828692	832749	833752	832640	833372	833857	832928	832325	832611	77932	363099	832795	834301	832449	833708	834621	159042	226143	833729	192513	833560	833477	833800	832815	834184	826697	831338	833620	818815	828260	192566	833607	96059	833555	833352	833884	833118	831280	833114	832802	834113	833419	833724	832450	826199	832395	221263	832936	834546	833798	834677	833745	827370	433014	832296	832817	233509	358207	833686	817685	831246	834525	160613	196744	834928	832404	833262	834603	143102	833997	833931	268803	834296	834893	833229	834763	821072	832089	200577	418412	833697	833718	834793	834575	832820	834516	834389	834824	834482	834665	835009	832668	834691	834689	826703	778142	831470	828300	834818	834800	832879	834008	569782	833905	757702	754409	659712	828822	834054	231353	346856	833839	791037	820651	363404	532447	727051	834047	834947	830558	835039	831307	833631	833268	130075	834789	395798	830101	814611	833642	833011	833074	834740	832439	823819	833134	638704	834561	804988	833096	832703	834427	834041	704204	834354	829839	832768	833952	834059	834647	834054	834647	833526	716633	783356	831002	792462	794179	823737	833673	695373	829332	821071	790233	827585	569497	812758	777620	823925	791754	822488	816459	668	156	695	660	742	2	0	670	845	677	519	675	25	234	158	752	818	823	675	77	120	665	108	736	762	663	590	664	508	0	667	657	590	93	828	55	582	753	0	669	725	12	0	600	728	0	736	672	640	113	12	12	832	672	664	13	240	740	670	82	138	758	702	778	799	82	111	0	670	12	667	68	661	759	178	703	762	761	799	718	653	98	254	662	155	606	158	649	529	694	688	845	538	543	656	676	678	702	636	742	689	667	677	506	677	292	669	433	524	458	777	742	91	218	12	571	572	1	0	527	774	850	588	684	0	653	523	0	671	0	720	135	746	521	0	530	521	514	738	513	529	716	755	714	760	755	507	839	615	523	154	596	842	0	0	522	409	545	11	763	546	751	671	552	619	797	128	644	458	781	586	581	640	640	706
NC_063224.1	14000001	845204	844534	844498	844525	839738	841973	843782	842702	843261	842512	842076	842606	843585	62308	327227	842390	844275	842391	843537	844383	144919	205213	843561	188148	843341	842681	843798	842497	843824	835571	841829	843197	838678	838499	167069	843181	74951	843147	843485	843796	842597	841311	842963	842400	843862	843138	843315	841932	840985	842341	221640	842546	844337	843528	844494	843436	839193	427125	843052	841589	216631	374590	843731	831332	841460	844445	155130	196931	844694	842413	843429	844673	135146	843896	843912	243182	843530	844774	842315	844590	834490	842363	190502	447061	843785	843649	844695	844531	842616	844259	844507	844409	844468	844315	844819	843265	844450	844521	835644	800561	842542	837694	844641	844366	841791	843892	609311	843357	781203	773418	702445	840385	843697	298927	390634	843584	809292	833197	397943	580027	751385	843097	844831	841340	845009	840898	843540	843371	140595	844852	420660	841036	827943	843696	842747	842355	844354	841486	834955	843159	669813	844494	821774	843628	842636	843466	843808	729238	844461	840260	841808	843615	844017	844494	844088	844583	843602	740927	803442	841646	816327	811223	832948	843369	731792	838640	833646	807526	839351	613150	826779	801876	837176	801634	835421	828552	814	542	791	846	525	1	0	790	813	691	280	731	25	217	806	539	787	804	598	64	82	598	47	501	508	804	727	556	107	2	571	394	726	72	803	56	792	633	0	594	476	4	0	759	501	0	487	781	792	77	2	3	812	595	813	3	207	498	591	19	195	705	619	720	679	74	107	1	682	3	819	61	812	707	141	804	720	718	673	618	728	105	291	811	791	764	802	798	114	797	697	814	114	115	736	691	742	667	433	632	465	822	600	257	739	85	821	105	687	580	658	497	112	271	3	725	736	2	0	468	718	820	739	701	0	811	115	0	596	0	665	744	698	110	1	279	113	673	496	456	115	614	717	477	512	703	481	814	782	270	799	751	810	1	1	106	244	704	140	757	727	700	649	570	767	775	717	623	434	745	647	772	609	549	601
NC_063224.1	15000001	836749	835546	835845	835836	830398	833678	834918	833711	834730	835587	834881	833160	834853	43927	254401	835291	835480	834006	834892	835847	113612	140295	835693	149183	834594	835848	834994	834242	835154	828272	832476	834862	820550	830695	115453	834395	49334	834562	834898	834818	835271	832047	834338	833960	835349	834425	834675	833160	833415	833255	197251	834159	835794	834659	836133	834941	829529	362183	834192	835496	189710	367222	834818	823579	832962	835788	132211	187009	836427	834607	835100	835976	126133	835242	835411	241453	836226	836338	835683	836176	820522	833482	157012	451319	834546	834750	836059	835950	833978	835347	835655	835869	835793	835693	836186	833122	835642	835961	829361	782623	833151	831046	835955	836610	834303	835182	595716	836114	764014	768754	683412	831396	835791	323999	391837	835696	792897	822271	396021	561687	735861	836148	836373	832461	836389	833355	834637	834535	132070	836295	415909	832438	818600	834908	834089	835117	836416	832940	829218	834407	653354	835804	809746	834042	833663	836364	835181	708425	835727	831555	834837	834958	835462	835932	835562	836222	834812	729674	787471	832532	799663	799823	823979	835078	711716	831432	824968	792177	829067	589805	812881	785767	825020	796868	823386	816964	626	390	601	552	426	598	0	580	604	723	563	620	14	92	275	434	590	595	145	9	6	655	30	572	590	625	582	388	533	2	141	442	551	51	590	16	275	623	0	147	371	521	1	594	574	0	382	356	576	82	509	526	600	664	621	482	151	579	664	60	136	651	196	576	227	45	75	1	723	511	627	57	722	641	99	370	687	688	222	184	616	64	264	613	266	599	275	615	267	391	729	455	570	576	610	726	641	602	508	592	543	630	146	555	621	328	627	478	537	423	447	387	54	239	514	557	589	224	2	119	661	462	591	725	1	614	555	0	660	2	617	247	676	558	2	582	543	516	572	445	556	207	661	364	594	664	512	601	591	571	270	581	602	0	2	560	452	571	440	548	567	650	554	509	608	573	238	531	0	555	551	603	575	607	190
NC_063224.1	16000001	831189	830692	830797	830642	826395	827643	829794	828642	828984	828876	828634	827563	828207	56284	299244	828694	829536	828521	829759	830513	126748	186912	829582	156589	829195	829237	829739	828531	830049	825347	827218	829285	815599	826180	150849	829248	70290	829378	829437	829789	828652	827093	829151	827785	830055	829048	829111	828044	826097	828203	192900	828905	830522	829389	830223	829475	825298	373341	827645	828934	185526	352259	829734	816645	827550	830239	126223	189665	830695	828957	829334	830445	129815	830020	830018	217785	830148	830918	829074	830582	816560	827804	192719	423309	829655	829621	830727	830699	829158	830522	830614	830847	830643	830570	830921	827613	830531	830618	821424	785051	827892	823108	830619	830260	827475	829355	583076	829466	766166	760937	693768	826009	829190	296554	380005	829288	789674	816324	390297	566603	736335	829480	830453	827277	830736	827149	829269	829090	129999	830678	411547	827006	811722	829802	828726	828192	829556	827740	819161	828574	652477	830108	806455	829271	828068	829681	829842	709609	830501	826389	828259	829888	830180	830307	830153	830524	829191	715398	788795	827659	800781	796477	817023	829057	708679	824643	819403	794907	824406	583020	812148	785566	821061	787583	818937	813568	268	819	873	771	562	859	224	189	541	719	760	800	21	148	655	565	532	531	456	63	67	786	63	511	519	265	793	815	295	0	438	414	602	70	687	29	640	254	0	450	787	586	1	823	498	0	810	740	806	42	576	596	537	788	439	550	196	489	790	12	143	616	543	614	603	69	92	0	712	582	265	76	714	620	64	780	766	761	603	528	793	58	145	258	645	850	652	263	643	814	728	621	792	826	798	711	715	560	452	263	464	262	456	755	811	137	258	243	379	616	291	804	169	304	580	241	760	209	0	372	627	625	807	725	2	447	291	0	785	1	588	588	746	296	0	787	291	722	498	212	776	543	626	770	519	739	603	541	423	777	490	814	452	0	0	772	608	747	606	500	737	604	764	398	793	688	581	741	1	657	715	793	645	734	523
NC_063224.1	17000001	797648	797129	797147	797179	795703	794955	796216	794969	796021	797121	796706	794979	796822	40364	367420	797053	796949	794850	796098	797030	132440	166899	797069	170677	796118	797334	796339	795160	796592	794528	793975	796413	792656	794933	148681	795994	48768	795711	795728	796070	796971	794102	795836	795311	796469	795781	795772	794707	796304	794842	203448	795552	797080	796098	797282	795962	791294	467732	796536	796935	255645	366015	796349	789548	794133	796852	147783	178982	797449	795617	795829	797085	114737	796321	796549	319271	797447	797355	797211	797174	786245	794994	144504	429441	795813	795985	797150	796964	795552	796971	796834	797210	796862	796903	797325	795659	797007	796864	791555	756113	794861	793091	797091	797515	795286	796414	578647	797357	739518	742850	666490	792521	796366	299812	385355	796628	761022	785196	357784	551739	707864	797398	797311	794203	797211	794506	795748	795620	114140	797272	398175	794253	782290	796046	795414	795854	797245	793382	790974	795827	633357	796796	778273	795705	794867	797365	796141	684260	796874	794093	796361	796261	796370	796636	796559	797307	795693	711927	757601	793830	771196	765665	788521	796202	688523	791516	789479	764714	791961	576788	781233	757890	788320	767065	787469	781835	773	940	869	450	681	865	912	626	804	866	860	328	10	237	920	708	1	1	78	2	5	882	75	897	920	769	852	930	5	0	836	598	754	69	896	29	921	726	0	881	900	787	234	870	895	1	924	536	849	109	778	803	797	884	849	742	350	909	880	144	94	578	428	746	460	71	51	808	855	782	743	66	896	240	0	548	746	744	461	405	317	77	269	797	921	885	939	752	932	942	865	1	637	879	323	860	374	716	798	765	855	771	79	848	80	1	781	3	693	646	0	918	21	27	790	665	257	283	0	69	247	2	860	868	0	854	0	1	882	1	230	861	717	0	0	886	0	792	885	568	617	426	245	892	919	761	648	791	818	872	854	855	1	1	0	627	687	255	4	733	255	230	612	616	272	835	817	603	438	809	283	332	685	829	403
NC_063224.1	18000001	777212	776546	776662	776711	776064	774712	775707	774424	775727	776720	776419	775812	776553	42226	376722	776603	776697	773904	775694	776660	192222	166399	776681	240578	775578	776846	775688	774975	776069	775015	774423	775400	775625	775212	146857	775447	45426	775456	775398	775558	776537	774708	775120	774951	776167	775264	775763	774280	776139	774319	267995	775000	776596	775529	776648	775531	774056	511122	776302	776519	330252	431305	775790	771894	774265	776590	198777	242876	776934	775388	775872	776601	151964	776076	776040	375062	776947	776817	776605	776741	771797	774898	182656	494005	775626	775662	776771	776587	774858	776561	776687	776832	776567	776562	776848	776004	776624	776550	771121	742220	774551	772252	776532	777040	774897	776228	611026	776622	732566	739407	674120	772819	776157	321684	419593	775923	745739	765269	417906	590290	705186	776956	776922	774898	776970	774033	775698	775268	140883	776795	452786	773471	767340	775520	775045	776220	776846	773799	770895	775330	641836	776401	761150	775860	774973	776964	775984	681567	776479	773055	776053	775929	775934	776445	776219	776952	775023	719354	743490	773856	756214	752690	763247	775807	697642	771581	770137	752963	771672	611085	764931	743482	770505	756907	769762	763036	757	248	203	202	619	197	465	150	691	607	640	771	19	217	646	645	309	308	1	8	3	616	31	431	649	756	675	245	0	0	554	635	746	37	634	25	471	462	0	627	243	354	760	628	629	0	243	630	664	104	357	365	675	616	594	358	284	465	611	205	257	391	603	736	631	102	139	632	721	593	649	66	638	765	2	637	248	248	623	585	746	65	245	676	471	649	472	743	469	246	608	273	391	202	768	610	22	504	576	673	599	552	1	613	341	0	720	0	527	181	0	236	8	6	604	693	424	275	0	0	777	273	730	719	366	592	1	2	612	1	728	449	300	0	0	646	0	617	629	530	394	596	777	229	650	617	497	686	589	643	772	726	209	0	595	392	564	490	92	660	488	600	386	587	443	674	601	379	409	662	700	733	575	571	554
NC_063224.1	19000001	809328	808433	808423	808638	804170	806262	807522	806551	807625	807321	806315	808424	808407	69604	415764	805817	808863	804664	807759	808606	238116	233775	807039	307542	807414	806328	807687	806750	807889	796949	807745	807079	808671	806701	200055	807403	90709	807079	807472	807583	805678	806732	807109	806521	807798	807207	807304	805619	806847	806216	338466	806930	808458	807386	807520	807168	807952	516132	808246	805417	354977	500258	807738	803970	806741	808504	222349	308148	808708	807471	808028	808723	218217	807988	808182	348447	807361	808621	806065	808579	806986	806272	283586	584109	807930	807830	808690	808355	806409	808034	807812	808595	808268	808541	808811	808824	808421	808202	799307	787879	807208	800923	808732	808169	805988	808254	678666	807411	777320	776181	736633	806347	807191	371163	494036	807654	788672	801498	508838	663971	756709	807168	808507	807564	809069	805664	807610	807366	215021	808728	530057	806215	801616	807758	807055	806371	808093	806214	797691	807509	703994	808393	799866	808542	806523	807821	807924	739869	808550	805441	805491	807965	808125	808544	807792	808908	807415	764850	792285	807098	801466	794176	785566	807828	763694	805077	806429	796089	805371	690959	802123	788617	805444	788658	803743	796916	784	640	418	350	352	340	757	601	650	1	363	363	22	207	361	363	750	779	0	0	0	821	117	0	365	768	630	627	0	361	0	363	776	33	351	36	783	778	1	316	616	575	346	365	1	0	614	440	632	102	536	558	643	806	2	554	355	782	814	253	133	647	424	772	444	60	92	362	352	805	364	0	358	358	55	448	638	632	449	444	354	4	1	641	769	365	781	758	652	625	1	555	653	345	360	1	517	4	338	634	326	365	1	343	646	4	638	3	153	535	2	619	1	0	803	725	337	456	1	4	186	559	783	788	738	179	2	0	816	2	345	749	545	1	3	359	3	558	357	540	645	440	363	612	364	626	400	649	175	358	361	770	359	0	541	643	322	597	629	760	600	4	643	715	326	643	338	627	255	630	331	351	595	779	411
NC_063224.1	20000001	805052	804193	804471	804411	800787	802160	803532	802286	803347	803412	802976	804330	804119	78696	440515	802151	804514	800436	803577	804479	206540	258710	803097	265848	803284	802719	803559	802248	803955	790842	802279	803197	804321	802062	231461	803197	99606	803273	803240	803348	802193	802658	802940	802705	803713	802830	803051	802205	802308	802327	276454	802544	803894	803386	803862	803127	803624	513310	803770	801820	304591	442804	803382	797164	802308	804115	203295	242517	804562	802436	803700	804353	181744	803781	803741	322293	803456	804542	802350	804443	802540	802267	245952	498298	803765	803476	804476	804384	802299	804376	804255	804189	804040	804032	804612	804343	804402	804064	796375	769568	802871	798036	804400	804151	802245	803943	603337	803524	752289	759954	692360	800788	803518	345955	405256	803701	774921	792779	434875	588771	727813	802974	804506	802035	804631	801122	803614	802835	154582	804665	442533	801545	793992	803435	802385	802571	804227	801396	794629	803067	658875	804130	788553	803797	802235	803586	803779	709495	804296	800696	801885	803517	803871	804216	803955	804532	803078	732106	773944	802390	784507	779817	791801	802969	718062	799282	798101	778784	800355	611063	790942	766053	798772	778023	797524	791826	438	728	420	528	409	519	705	410	667	558	421	294	11	269	415	416	696	720	0	1	0	665	135	0	421	436	640	718	0	650	545	423	436	79	410	35	716	711	0	661	714	712	284	414	0	1	710	541	648	84	1	1	652	654	544	1	311	712	661	122	90	401	506	429	542	66	58	420	408	651	417	70	415	288	104	547	728	720	543	529	279	95	278	655	717	724	723	433	724	724	558	1	415	534	291	559	1	505	372	634	375	291	2	395	661	2	420	1	371	555	0	708	3	0	650	390	328	306	1	7	0	3	431	726	416	416	0	2	664	2	265	685	1	0	1	421	0	583	408	497	408	514	290	683	422	429	447	657	400	417	289	437	418	0	420	416	351	393	710	685	399	545	411	589	325	646	388	390	271	621	262	273	396	628	502
NC_063224.1	21000001	232576	231929	232101	224160	225858	231441	231642	231406	224127	231629	231215	232327	232220	43202	157060	230986	232453	229453	231958	232345	89662	121046	231611	108800	231944	231345	231727	231397	231980	215465	230398	231821	229927	230162	113024	231862	59018	231466	231093	223935	231476	231437	231254	231403	231893	231047	231948	231267	230001	231011	107234	223661	224242	231647	229378	231345	224299	170406	231687	231139	108679	130523	224170	227856	231157	231999	73573	88508	232396	229999	232026	232153	80021	232070	231682	108764	231929	232358	231781	232134	231549	231704	108986	136398	231588	231751	232366	232151	231218	232235	232296	232268	224179	224242	232262	231910	232304	232090	228598	214620	231265	228532	232090	231409	230697	231827	153366	231295	199466	205600	182543	222258	231371	98238	116686	231520	217007	225715	118661	149239	200650	231800	223886	230127	232145	230177	231700	223681	59306	232408	124242	231203	222117	223939	223875	221636	231392	223345	225714	231269	179695	223549	221902	231746	231580	231913	231702	193926	231758	229907	231122	231872	231721	232140	224347	232278	223971	196083	215828	231181	216795	219949	214823	223332	191194	230507	227931	219259	222215	157551	223627	214683	227759	218535	228745	225936	115	201	39	184	0	186	174	9	206	239	0	216	22	82	27	0	190	177	0	11	0	209	43	0	28	94	175	171	27	205	211	27	95	9	0	0	205	187	0	176	201	192	211	33	31	0	176	189	200	0	1	28	175	198	233	0	121	207	200	45	108	9	178	92	199	1	86	0	20	175	35	66	0	241	8	178	174	181	171	172	215	81	110	211	202	181	181	94	174	180	249	0	9	195	238	214	1	191	0	166	36	244	44	0	208	39	41	41	0	125	0	168	1	44	173	102	119	75	1	34	0	44	125	204	124	34	32	3	180	1	199	147	30	0	43	38	30	182	39	145	45	189	214	172	0	92	120	196	0	29	240	93	28	0	28	9	2	115	212	185	111	203	46	126	88	201	31	9	31	181	219	229	108	163	150
NC_063224.1	22000001	100	70	100	97	99	84	100	81	97	89	89	100	100	52	61	89	100	99	100	100	87	62	100	92	84	77	72	99	97	97	100	77	100	97	62	99	57	99	100	97	72	100	76	70	97	66	99	99	100	100	48	97	97	59	78	69	97	99	100	73	72	38	97	100	70	100	51	54	100	100	100	100	68	100	100	56	89	100	84	100	100	81	86	100	84	100	100	100	54	100	100	100	97	97	100	99	88	100	93	100	100	100	72	100	84	100	89	89	89	89	75	97	100	64	73	100	100	94	81	89	100	89	97	75	100	59	98	97	85	99	81	75	100	96	97	97	100	97	100	100	90	95	100	100	100	89	83	79	100	100	67	89	72	99	97	100	97	100	99	100	100	100	94	81	100	100	100	100	97	100	100	66	87	100	100	100	0	0	0	0	0	0	0	0	0	0	0	0	0	0	0	0	0	0	0	0	0	0	0	0	0	0	0	0	0	0	0	0	0	0	0	0	0	0	0	0	0	0	0	0	0	0	0	0	0	0	0	0	0	0	0	0	0	0	0	0	0	0	0	0	0	0	0	0	0	0	0	0	0	0	0	0	0	0	0	0	0	0	0	0	0	0	0	0	0	0	0	0	0	0	0	0	0	0	0	0	0	0	0	0	0	0	0	0	0	0	0	0	0	0	0	0	0	0	0	0	0	0	0	0	0	0	0	0	0	0	0	0	0	0	0	0	0	0	0	0	0	0	0	0	0	0	0	0	0	0	0	0	0	0	0	0	0	0	0	0	0	0	0	0	0	0	0	0	0	0	0	0	0	0	0
NC_063224.1	23000001	0	0	0	0	0	0	0	0	0	0	0	0	0	0	0	0	0	0	0	0	0	0	0	0	0	0	0	0	0	0	0	0	0	0	0	0	0	0	0	0	0	0	0	0	0	0	0	0	0	0	0	0	0	0	0	0	0	0	0	0	0	0	0	0	0	0	0	0	0	0	0	0	0	0	0	0	0	0	0	0	0	0	0	0	0	0	0	0	0	0	0	0	0	0	0	0	0	0	0	0	0	0	0	0	0	0	0	0	0	0	0	0	0	0	0	0	0	0	0	0	0	0	0	0	0	0	0	0	0	0	0	0	0	0	0	0	0	0	0	0	0	0	0	0	0	0	0	0	0	0	0	0	0	0	0	0	0	0	0	0	0	0	0	0	0	0	0	0	0	0	0	0	0	0	0	0	0	0	0	0	0	0	0	0	0	0	0	0	0	0	0	0	0	0	0	0	0	0	0	0	0	0	0	0	0	0	0	0	0	0	0	0	0	0	0	0	0	0	0	0	0	0	0	0	0	0	0	0	0	0	0	0	0	0	0	0	0	0	0	0	0	0	0	0	0	0	0	0	0	0	0	0	0	0	0	0	0	0	0	0	0	0	0	0	0	0	0	0	0	0	0	0	0	0	0	0	0	0	0	0	0	0	0	0	0	0	0	0	0	0	0	0	0	0	0	0	0	0	0	0	0	0	0	0	0	0	0	0	0	0	0	0	0	0	0	0	0	0	0	0	0	0	0	0	0	0	0	0	0	0	0	0	0	0	0	0	0	0	0	0	0	0	0	0	0	0	0	0	0	0	0
