chrom	window_start	sites_total	calls_AL101	calls_AL102	calls_AL103	calls_AL114	calls_AL119	calls_AL120	calls_AL121	calls_AL124	calls_AL125	calls_AL127	calls_AL129	calls_AL133	calls_AL134	calls_AL137	calls_AL138	calls_AL141	calls_AL142	calls_AL143	calls_AL146	calls_AL149	calls_AL153	calls_AL155	calls_AL156	calls_AL159	calls_AL160	calls_AL162	calls_AL166	calls_AL170	calls_AL173	calls_AL174	calls_AL175	calls_AL176	calls_AL177	calls_AL178	calls_AL180	calls_AL181	calls_AL182	calls_AL184	calls_AL185	calls_AL187	calls_AL189	calls_AL193	calls_AL196	calls_AL197	calls_AL199	calls_AL200	calls_AL201	calls_AL204	calls_AL207	calls_AL208	calls_AL209	calls_AL210	calls_AL213	calls_AL215	calls_AL216	calls_AL220	calls_AL223	calls_AL231	calls_AL238	calls_AL241	calls_AL242	calls_AL243	calls_AL244	calls_AL246	calls_AL254	calls_AL255	calls_AL256	calls_AL263	calls_AL266	calls_AL269	calls_AL272	calls_AL273	calls_AL274	calls_AL276	calls_AL278	calls_AL279	calls_AL283	calls_AL284	calls_AL288	calls_AL292	calls_AL300	calls_AL303	calls_AL304	calls_AL307	calls_AL309	calls_AL313	calls_AL32	calls_AL35	calls_AL75	calls_AL82	calls_AL86	calls_AL88	calls_AL91	calls_AL92	calls_AL95	calls_AL97	calls_AL99	calls_K1423	calls_K1461	calls_K1542	calls_K1544	calls_K1567	calls_K1579	calls_K1580	calls_K1583	calls_K1603	calls_K1606	calls_K1608	calls_K16100	calls_K1614	calls_K1617	calls_K1618	calls_K1623	calls_K1627	calls_K1632	calls_K1640	calls_K1650	calls_K1660	calls_K1663	calls_K1665	calls_K1669	calls_K1672	calls_K1680	calls_K1684	calls_K1693	calls_K1696	calls_K17007	calls_K17008	calls_K17010	calls_K17013	calls_K17014	calls_K17025	calls_K17028	calls_K17030	calls_K17032	calls_K17033	calls_K17034	calls_K17035	calls_K17037	calls_K17040	calls_K17042	calls_K17044	calls_K17045	calls_K17048	calls_K17052	calls_K17053	calls_K17056	calls_K17062	calls_K17064	calls_K17073	calls_K17077	calls_K17078	calls_K17081	calls_K17083	calls_K17087	calls_K17091	calls_K17094	calls_K17098	calls_K17099	calls_K17101	calls_K17102	calls_K17103	calls_K17104	calls_K17106	calls_K18010	calls_K18017	calls_K18019	calls_K18022	calls_K18034	calls_K18078	calls_K18083	calls_K18084	calls_K18091	calls_K19018	calls_K19019	hets_AL101	hets_AL102	hets_AL103	hets_AL114	hets_AL119	hets_AL120	hets_AL121	hets_AL124	hets_AL125	hets_AL127	hets_AL129	hets_AL133	hets_AL134	hets_AL137	hets_AL138	hets_AL141	hets_AL142	hets_AL143	hets_AL146	hets_AL149	hets_AL153	hets_AL155	hets_AL156	hets_AL159	hets_AL160	hets_AL162	hets_AL166	hets_AL170	hets_AL173	hets_AL174	hets_AL175	hets_AL176	hets_AL177	hets_AL178	hets_AL180	hets_AL181	hets_AL182	hets_AL184	hets_AL185	hets_AL187	hets_AL189	hets_AL193	hets_AL196	hets_AL197	hets_AL199	hets_AL200	hets_AL201	hets_AL204	hets_AL207	hets_AL208	hets_AL209	hets_AL210	hets_AL213	hets_AL215	hets_AL216	hets_AL220	hets_AL223	hets_AL231	hets_AL238	hets_AL241	hets_AL242	hets_AL243	hets_AL244	hets_AL246	hets_AL254	hets_AL255	hets_AL256	hets_AL263	hets_AL266	hets_AL269	hets_AL272	hets_AL273	hets_AL274	hets_AL276	hets_AL278	hets_AL279	hets_AL283	hets_AL284	hets_AL288	hets_AL292	hets_AL300	hets_AL303	hets_AL304	hets_AL307	hets_AL309	hets_AL313	hets_AL32	hets_AL35	hets_AL75	hets_AL82	hets_AL86	hets_AL88	hets_AL91	hets_AL92	hets_AL95	hets_AL97	hets_AL99	hets_K1423	hets_K1461	hets_K1542	hets_K1544	hets_K1567	hets_K1579	hets_K1580	hets_K1583	hets_K1603	hets_K1606	hets_K1608	hets_K16100	hets_K1614	hets_K1617	hets_K1618	hets_K1623	hets_K1627	hets_K1632	hets_K1640	hets_K1650	hets_K1660	hets_K1663	hets_K1665	hets_K1669	hets_K1672	hets_K1680	hets_K1684	hets_K1693	hets_K1696	hets_K17007	hets_K17008	hets_K17010	hets_K17013	hets_K17014	hets_K17025	hets_K17028	hets_K17030	hets_K17032	hets_K17033	hets_K17034	hets_K17035	hets_K17037	hets_K17040	hets_K17042	hets_K17044	hets_K17045	hets_K17048	hets_K17052	hets_K17053	hets_K17056	hets_K17062	hets_K17064	hets_K17073	hets_K17077	hets_K17078	hets_K17081	hets_K17083	hets_K17087	hets_K17091	hets_K17094	hets_K17098	hets_K17099	hets_K17101	hets_K17102	hets_K17103	hets_K17104	hets_K17106	hets_K18010	hets_K18017	hets_K18019	hets_K18022	hets_K18034	hets_K18078	hets_K18083	hets_K18084	hets_K18091	hets_K19018	hets_K19019
NC_063234.1	1	664873	664087	664410	664350	660376	661520	663266	661929	663479	662396	663027	664293	663729	76055	381425	661664	664088	658003	663130	664229	225872	246567	663502	288366	663184	661930	663454	662528	663761	654690	663542	662493	645677	661350	197826	662901	88794	662962	662971	663291	661773	663232	663195	661954	663499	662466	663158	662187	662110	662243	303931	662717	664134	662301	658249	662394	662606	446054	663664	661325	289531	437380	663862	659015	663006	664222	194821	282928	663795	662824	663914	664141	227602	663648	663927	271771	663244	664292	661840	663990	663006	662250	300628	493040	663353	663456	664227	664245	662424	664405	663949	664443	664226	663978	664210	664212	664205	664131	656459	654096	663707	657566	664261	663907	662118	663927	576658	663109	645237	633871	629721	664039	663540	339005	459359	663824	649153	659584	461592	579551	632899	663046	664551	663678	664709	661676	663629	663543	215914	664544	467059	659000	655856	663337	662908	662660	664395	663015	652810	663343	594552	664211	657246	664199	663280	663109	663792	620219	664216	662472	661510	663437	663824	664284	664139	664588	663581	618849	658160	663475	660505	655568	639388	663324	637957	661560	662647	655738	662798	581132	660397	656100	662860	643787	662489	657398	78	339	434	438	356	23	22	428	354	338	0	290	24	191	248	355	179	324	250	60	103	435	0	248	410	0	242	0	472	473	201	219	203	40	290	25	184	456	467	275	97	0	309	274	429	237	0	0	306	137	246	249	466	436	0	249	2	248	432	138	0	1	418	409	0	24	0	0	414	477	164	86	164	0	120	0	429	64	396	302	293	125	194	164	329	436	434	413	434	433	434	431	23	22	184	431	174	392	417	423	424	304	417	299	401	333	0	396	176	373	418	424	4	229	426	51	1	237	332	360	76	417	147	0	405	425	418	99	436	285	0	446	23	421	411	417	423	371	425	362	1	420	249	0	305	151	379	378	420	428	289	160	429	0	437	1	0	414	422	0	416	0	415	0	1	412	415	416	206	409	274	0	403	428	277
NC_063234.1	1000001	712848	710453	711088	711097	699988	707281	709339	707491	709853	709582	709122	661664	710385	99424	474564	707473	711440	702948	709680	710731	397596	339624	709692	434575	708790	708295	708221	708341	709724	692393	635585	708706	596535	704124	319096	709000	176316	708910	708741	709091	707790	709584	708500	707600	709068	708564	709345	707081	606819	708021	439975	708681	710786	708111	699649	708127	544298	508994	711089	707091	425960	514107	709683	683823	709832	711023	335260	452240	710335	710537	710811	711614	392357	710279	710181	414363	710031	711619	708428	710496	569528	708767	421541	507257	708829	709934	710908	710540	708223	711298	710423	711382	710440	710798	711509	708426	710916	710252	699314	703162	710648	700599	711398	709661	706793	710183	623845	709655	684876	623772	685907	710414	709744	494347	620403	709881	686332	705979	553177	629399	692588	709986	711599	709983	711814	706585	710267	709381	446544	711784	576033	698085	690355	710041	709802	703411	710969	709622	682527	710022	637170	711218	700703	711915	709841	710394	710361	657052	710644	707578	706835	709333	710750	710440	710924	711766	710398	609624	705634	709862	708399	698178	669439	709495	690774	708051	708277	690350	709905	631720	704033	703582	709002	620917	709133	699214	200	744	678	635	358	162	460	766	482	668	696	774	52	300	622	490	670	436	629	274	219	494	30	441	629	220	626	89	596	510	690	44	723	76	482	139	749	630	398	382	42	83	402	242	637	640	564	45	685	190	621	640	395	616	2	459	298	658	685	120	305	203	482	253	47	170	325	430	337	586	420	217	452	577	126	46	780	766	204	358	493	211	269	441	569	673	639	757	692	633	798	722	532	536	498	552	352	378	660	211	337	380	568	512	734	564	746	599	642	529	350	478	343	393	498	2	0	330	602	698	469	620	1	46	717	656	356	121	732	454	43	595	378	766	590	451	696	497	525	707	282	498	475	741	512	669	450	45	627	462	470	445	26	743	684	46	563	495	418	68	498	43	614	192	4	264	256	752	359	259	547	574	475	628	242
NC_063234.1	2000001	800892	799698	799993	799615	794745	797205	798859	797337	798814	798401	798300	799714	799440	81652	450166	796965	800037	793270	798742	799693	277343	289746	798813	355308	798549	797709	798644	797501	798975	788589	796224	798084	784831	795596	239118	798342	108537	798178	798327	798691	797221	798604	798051	798191	798886	798032	798684	797040	792158	797209	373624	797961	799586	798287	793664	798221	799440	529727	799344	796656	353057	534037	799142	790425	798090	799967	229650	362665	799612	798707	799623	800105	291616	799511	799109	322401	798654	800100	797037	799790	795357	797848	361881	605956	798908	799247	799776	799642	797538	799913	799517	800043	799668	799711	800169	800029	799720	799695	790512	783712	798937	793159	800162	799424	796832	799302	699357	798783	775303	756528	757644	799217	798963	418622	582242	799101	777848	793958	557792	700538	764420	798440	800071	798925	800443	796491	798699	798874	295574	800226	585728	791937	787202	799164	798524	796690	800033	798600	781597	798811	710461	800095	790431	799954	798788	799120	799671	741977	799629	795992	797014	798919	799635	799683	799688	800399	799142	746393	790613	798702	794450	789529	765030	798613	765956	796655	797725	786294	798447	712112	794877	787373	797354	771709	796620	789385	788	579	498	266	633	0	600	699	663	44	791	766	25	272	621	668	623	667	579	139	122	762	112	506	443	381	415	678	273	563	704	223	710	105	554	59	205	653	541	450	200	777	615	376	41	729	564	223	678	157	554	569	534	706	0	748	0	733	43	29	83	260	760	0	221	99	207	561	698	395	537	125	628	264	0	222	709	702	1	494	420	219	380	613	567	500	44	773	609	380	789	578	752	762	503	751	384	399	512	532	586	688	428	542	143	616	476	702	403	663	727	775	176	201	527	1	105	398	563	690	532	520	0	339	112	45	0	191	760	294	289	285	380	731	619	334	274	325	651	460	257	763	435	352	434	579	702	335	43	646	613	329	739	365	540	147	1	749	383	652	744	321	492	414	326	65	0	496	433	63	721	133	710	200	522
NC_063234.1	3000001	798221	797181	797379	797484	784384	794568	796272	794794	796628	796282	796153	793436	797187	85162	480644	795053	796851	790772	796225	797225	489574	319547	796619	519976	795553	795909	796147	795037	796586	775930	780326	795255	731708	790482	292703	795868	136612	795771	795878	796282	795431	796166	795741	795689	796493	795230	795857	794447	746295	794681	533910	795332	797046	795616	790151	795624	748081	614863	796603	794854	523256	623806	796391	785642	796066	796985	396887	546952	797224	796721	797185	797428	478307	797053	796828	496236	796534	797348	795300	797057	772297	795670	520394	644134	796130	796462	797376	797226	795246	797127	797099	797449	797210	797275	797604	796211	797163	797219	790586	791085	796443	789441	797353	797135	795120	796597	723699	796723	775001	743184	774349	797297	796530	572521	703380	796455	775448	793959	657042	739380	777136	796357	797648	797072	797921	794163	796095	796015	495030	797759	666345	788758	785736	796641	795752	794618	797239	796005	779896	796429	731140	797535	789496	797710	796281	796383	796939	742177	797004	796235	794613	796148	796886	797275	797095	797665	796210	729621	793299	796349	796201	790557	746732	796532	781803	795043	796305	789424	796383	735911	793711	791679	796153	741990	796115	787608	341	899	249	622	904	621	668	678	928	2	408	345	16	345	683	929	857	897	867	287	123	344	0	852	630	880	746	0	650	759	469	612	481	138	787	51	630	557	884	869	632	398	668	888	209	766	863	544	713	318	743	772	886	324	0	729	0	771	210	322	329	620	652	0	662	168	498	570	768	0	737	395	686	629	349	663	889	883	0	267	656	322	649	638	767	250	0	336	830	814	344	743	336	343	481	341	774	775	587	568	755	687	666	569	208	212	353	243	612	639	249	656	205	660	467	0	259	579	792	288	775	213	1	863	0	488	1	469	343	513	730	663	758	505	898	824	650	473	830	808	627	670	675	0	674	650	621	855	204	848	673	810	408	0	860	266	0	693	764	891	696	815	843	695	774	831	676	840	701	826	335	264	305	597	679
NC_063234.1	4000001	801625	800758	800839	801043	760080	798957	799732	798995	800260	797082	796207	792629	800673	95522	440994	794515	800886	793502	799867	800803	301717	282807	798695	359152	799442	795749	799944	798956	800396	731147	769357	799090	758023	764402	237972	799383	130290	799413	799059	799994	794442	799659	799355	798957	800246	799169	799702	797758	749045	797925	379105	798985	800635	799350	793986	799768	764326	518677	800130	793842	361321	514303	800343	789198	799475	800757	262315	384663	800710	799660	800587	800925	310052	800539	800138	348192	797129	801060	793844	800707	762599	799043	363321	573960	799953	799966	800991	800997	798806	800908	800571	801050	800783	800846	801184	799132	801013	800807	791745	788065	799811	792095	801030	799101	797271	800348	687208	797694	772962	749555	754540	800111	799100	463288	575639	799498	780132	794871	559434	686526	763988	797461	800713	799820	801283	796388	799807	799695	311989	801191	569667	793943	788683	800287	799240	795512	800335	799036	782813	799676	713431	800607	792178	800927	799626	798509	800669	738969	800698	797810	794781	800092	800610	800859	800578	801064	799705	739520	790298	799407	793303	791815	768927	799360	768473	797227	798321	788162	799488	705974	795857	788676	798424	746171	797769	788840	642	206	321	166	567	200	644	650	589	10	758	644	68	235	658	589	548	574	501	212	109	650	0	485	507	195	684	0	494	704	275	474	280	76	561	116	589	7	193	504	602	749	647	196	493	741	190	9	495	153	701	721	188	594	165	691	10	721	502	138	119	193	653	0	505	144	5	585	717	0	627	222	654	200	187	498	501	496	0	0	476	254	136	11	752	312	0	587	548	596	650	514	644	647	364	644	757	456	530	546	516	413	493	530	500	260	651	298	532	613	309	648	257	349	350	159	12	147	170	447	718	505	6	509	11	592	11	106	639	291	3	568	754	283	584	558	477	261	11	489	204	676	486	0	486	586	598	509	480	10	629	538	722	0	498	3	0	594	758	14	589	485	496	189	4	203	568	487	602	207	625	6	596	579	477
NC_063234.1	5000001	659742	658679	658859	658878	657030	657522	658043	657383	658611	657984	657769	659415	658887	69498	367828	657992	659450	653552	658569	659312	182517	225305	658318	243745	658162	658248	658472	657752	658856	654766	654945	657815	644677	657828	205028	658371	90610	657642	657051	658591	658579	657705	657110	657634	658329	657111	658392	657323	656201	656710	239446	657984	658594	658069	652962	657568	659116	411846	657902	657637	231680	393428	658829	651787	657410	658492	146761	231541	658881	656737	658897	658667	171922	659081	658061	223238	659113	659437	658575	659088	657295	657763	252686	457691	657945	657694	659272	659239	657812	659220	659267	658857	659199	659275	659155	658183	659199	659146	652623	647140	658676	652685	658508	657860	656371	658322	555834	657717	638715	630995	614728	658440	657657	369288	427848	657613	639314	652107	431069	555920	621819	659022	658412	657670	658683	654462	657626	657438	165405	659329	443396	652849	651969	657798	657785	656127	657694	656634	648506	657401	578262	657908	651278	658982	657742	659121	658569	607558	658314	656319	657229	657893	658960	658605	658941	658856	658497	622297	649736	657169	653885	649685	623141	656857	630865	656139	656119	648260	657389	566884	654256	647552	656495	635115	656906	650111	185	339	204	356	315	342	331	337	391	66	230	130	17	121	408	331	372	326	464	42	90	198	0	446	543	288	281	0	376	360	200	492	201	90	320	20	196	66	287	303	213	266	328	346	322	222	279	87	354	67	281	350	284	170	130	289	63	351	330	69	167	286	157	0	518	15	43	188	350	0	378	80	330	363	122	461	462	460	0	0	288	92	164	59	295	150	0	147	55	149	192	297	131	195	414	130	230	275	55	54	487	70	358	431	334	168	194	196	172	138	149	83	45	71	334	135	66	162	240	341	285	357	58	521	83	249	78	66	130	175	0	314	288	201	398	140	344	267	64	123	345	283	300	0	296	253	77	535	249	56	357	53	324	0	528	0	0	320	300	80	306	492	505	278	0	354	379	449	265	359	196	69	196	248	265
NC_063234.1	6000001	718134	717264	717239	717513	704861	714738	715972	715144	716870	716807	716719	706410	717210	69738	365914	716097	717274	711830	716571	717432	419779	268825	717156	453898	716297	716521	716447	715706	716848	694055	675363	715270	582667	706854	230314	716145	100589	715824	715669	716210	716359	715958	715796	715038	716441	715632	716319	715040	689106	714994	474483	715739	716982	715578	707374	715752	613243	528559	716857	715440	455551	574604	716906	698579	716661	717318	339654	509510	717208	716953	716904	717248	452397	717446	716549	409684	717155	717639	716261	717109	651423	715927	486244	585391	716218	716520	717309	717307	715415	717624	717417	717536	717354	717360	717672	716398	717223	717274	707059	709992	716649	705803	717092	715110	713149	716936	652631	715840	699326	674113	701998	716835	714400	551640	645564	715356	701709	710965	609228	664455	703162	717009	716947	717141	717804	712789	716438	715860	463551	717518	613029	707041	704948	716676	716307	711945	715163	715663	693521	716071	660743	716760	711893	717668	715954	717065	717263	681092	717027	714478	715409	716633	716517	717112	716994	717517	716423	657412	714175	716581	715963	710991	678756	715675	702467	715005	716312	709796	716031	666566	713802	713471	716511	676547	716467	706632	192	526	190	520	440	514	560	578	456	0	472	194	27	159	577	454	415	447	445	20	103	191	0	427	440	517	481	0	452	456	459	390	461	75	435	39	184	2	514	593	184	471	563	523	473	469	502	1	576	225	479	491	517	165	2	435	4	492	485	218	301	525	2	1	442	57	0	31	482	0	586	274	580	514	175	441	444	440	0	0	451	292	398	1	472	177	0	185	2	191	193	578	193	194	527	190	473	513	2	2	381	1	460	411	485	158	187	278	27	2	177	2	101	7	509	2	7	416	465	451	490	483	0	442	1	33	4	254	192	371	0	446	469	466	435	9	453	388	1	7	517	473	466	1	465	476	5	442	470	0	564	2	475	0	442	0	0	471	467	3	473	413	427	518	0	527	443	429	446	527	184	2	170	467	536
NC_063234.1	7000001	612914	607974	608438	608437	595280	604201	606522	605035	607504	606092	604846	546411	608758	128102	395043	603131	610614	598482	606363	608550	358829	320346	608193	388940	606496	603688	606026	605059	607823	589460	508190	604214	322932	591707	298652	605474	191935	604312	607182	606287	603496	605795	606314	603780	606291	604587	606426	603435	519366	604105	392305	606371	608335	603138	590745	603598	409381	418970	609411	600760	362183	439164	608542	585545	606838	610581	312605	400114	609704	609750	610482	610453	372537	609165	609038	356287	607640	610903	604619	609089	444149	605974	374550	416277	606865	608333	605876	607031	603378	609407	607119	609317	607856	609760	609959	605585	608750	608617	599668	600897	608716	601120	609698	607594	605248	608585	516057	608324	580014	516152	577831	608740	608801	459635	524198	607962	588020	602657	472397	529027	589675	608464	610878	609144	611841	603273	608772	607407	413878	611490	477459	593601	580685	609377	607446	599579	609698	606160	583299	608405	533423	611406	601231	611342	609452	608945	610076	543570	609814	606000	601017	606301	609985	609740	609819	611075	609097	510551	606327	609710	607952	600522	565610	609013	591221	605265	608267	595319	608719	538348	604440	602108	606808	507213	608241	594322	664	729	622	761	676	742	597	598	732	73	44	680	36	369	593	735	626	676	586	246	242	622	1	566	589	680	439	1	519	388	448	310	451	207	688	48	590	0	746	704	612	49	544	711	653	53	721	1	688	234	445	473	713	541	358	332	41	148	681	216	435	753	483	157	590	318	89	484	549	63	533	202	611	761	334	597	590	593	514	1	449	382	281	0	51	1	112	644	405	516	716	638	678	681	623	674	52	653	410	407	450	143	453	435	684	1	740	439	547	341	0	375	368	333	649	379	121	555	570	441	569	688	73	471	139	545	150	473	682	389	108	678	55	175	669	431	1	344	80	365	767	491	455	0	373	490	332	471	656	2	631	411	417	64	596	129	1	493	96	150	501	527	563	735	146	719	694	576	396	714	691	122	562	409	570
NC_063234.1	8000001	483629	482267	482505	482609	466080	480779	481708	480716	481735	481427	480101	418296	482463	89395	296877	479559	482257	476421	481440	482399	272288	213803	480837	295594	481196	480214	481552	480880	481701	459304	411086	480302	204040	463169	196035	481520	122714	481002	481124	481501	480249	481508	481277	480984	482113	481207	481227	480389	411811	480358	303971	481243	482173	480527	469957	480697	184854	340513	481974	479235	287853	350153	482116	451872	481748	482769	216472	309004	482151	482243	482167	482622	278482	482147	482330	266762	481902	482905	480343	482022	357187	481215	296612	369755	481395	482075	482445	482474	480562	482516	482184	482759	482200	482305	482822	474986	482259	482411	474059	474824	482507	473417	482873	479280	477871	482295	434967	480942	470759	433933	469641	482691	479926	325605	425900	480650	470390	479130	394792	441038	470464	481735	482528	482369	483252	478560	482124	482052	302984	482979	410047	473009	470702	481924	481730	468827	481023	481659	454487	481744	444679	482670	478844	482941	481527	482049	482285	450084	482543	479000	479651	481635	482532	482475	482443	483021	482343	426791	480260	482202	481902	476012	454215	481579	471928	480408	481436	470024	481964	436605	479172	479364	481774	429699	481881	469625	162	295	164	246	283	248	252	69	279	210	235	166	40	125	188	281	261	289	191	2	46	0	0	183	188	86	2	0	243	0	159	93	157	35	273	52	163	0	248	165	163	14	282	295	271	15	243	1	268	112	1	1	247	139	78	0	84	15	207	67	142	264	146	255	189	77	140	1	85	163	186	120	278	269	75	189	223	222	162	0	160	38	0	0	15	0	273	159	250	0	296	279	166	166	211	166	283	256	256	187	226	294	158	216	206	0	270	164	76	0	167	0	32	142	264	0	190	198	75	159	166	152	279	290	248	86	274	137	166	138	177	180	288	275	254	269	0	113	250	183	266	159	166	0	1	164	0	288	83	0	256	191	213	166	264	195	0	161	217	280	164	270	212	269	269	275	185	216	71	274	289	193	126	281	246
