chrom	window_start	sites_total	calls_AL101	calls_AL102	calls_AL103	calls_AL114	calls_AL119	calls_AL120	calls_AL121	calls_AL124	calls_AL125	calls_AL127	calls_AL129	calls_AL133	calls_AL134	calls_AL137	calls_AL138	calls_AL141	calls_AL142	calls_AL143	calls_AL146	calls_AL149	calls_AL153	calls_AL155	calls_AL156	calls_AL159	calls_AL160	calls_AL162	calls_AL166	calls_AL170	calls_AL173	calls_AL174	calls_AL175	calls_AL176	calls_AL177	calls_AL178	calls_AL180	calls_AL181	calls_AL182	calls_AL184	calls_AL185	calls_AL187	calls_AL189	calls_AL193	calls_AL196	calls_AL197	calls_AL199	calls_AL200	calls_AL201	calls_AL204	calls_AL207	calls_AL208	calls_AL209	calls_AL210	calls_AL213	calls_AL215	calls_AL216	calls_AL220	calls_AL223	calls_AL231	calls_AL238	calls_AL241	calls_AL242	calls_AL243	calls_AL244	calls_AL246	calls_AL254	calls_AL255	calls_AL256	calls_AL263	calls_AL266	calls_AL269	calls_AL272	calls_AL273	calls_AL274	calls_AL276	calls_AL278	calls_AL279	calls_AL283	calls_AL284	calls_AL288	calls_AL292	calls_AL300	calls_AL303	calls_AL304	calls_AL307	calls_AL309	calls_AL313	calls_AL32	calls_AL35	calls_AL75	calls_AL82	calls_AL86	calls_AL88	calls_AL91	calls_AL92	calls_AL95	calls_AL97	calls_AL99	calls_K1423	calls_K1461	calls_K1542	calls_K1544	calls_K1567	calls_K1579	calls_K1580	calls_K1583	calls_K1603	calls_K1606	calls_K1608	calls_K16100	calls_K1614	calls_K1617	calls_K1618	calls_K1623	calls_K1627	calls_K1632	calls_K1640	calls_K1650	calls_K1660	calls_K1663	calls_K1665	calls_K1669	calls_K1672	calls_K1680	calls_K1684	calls_K1693	calls_K1696	calls_K17007	calls_K17008	calls_K17010	calls_K17013	calls_K17014	calls_K17025	calls_K17028	calls_K17030	calls_K17032	calls_K17033	calls_K17034	calls_K17035	calls_K17037	calls_K17040	calls_K17042	calls_K17044	calls_K17045	calls_K17048	calls_K17052	calls_K17053	calls_K17056	calls_K17062	calls_K17064	calls_K17073	calls_K17077	calls_K17078	calls_K17081	calls_K17083	calls_K17087	calls_K17091	calls_K17094	calls_K17098	calls_K17099	calls_K17101	calls_K17102	calls_K17103	calls_K17104	calls_K17106	calls_K18010	calls_K18017	calls_K18019	calls_K18022	calls_K18034	calls_K18078	calls_K18083	calls_K18084	calls_K18091	calls_K19018	calls_K19019	hets_AL101	hets_AL102	hets_AL103	hets_AL114	hets_AL119	hets_AL120	hets_AL121	hets_AL124	hets_AL125	hets_AL127	hets_AL129	hets_AL133	hets_AL134	hets_AL137	hets_AL138	hets_AL141	hets_AL142	hets_AL143	hets_AL146	hets_AL149	hets_AL153	hets_AL155	hets_AL156	hets_AL159	hets_AL160	hets_AL162	hets_AL166	hets_AL170	hets_AL173	hets_AL174	hets_AL175	hets_AL176	hets_AL177	hets_AL178	hets_AL180	hets_AL181	hets_AL182	hets_AL184	hets_AL185	hets_AL187	hets_AL189	hets_AL193	hets_AL196	hets_AL197	hets_AL199	hets_AL200	hets_AL201	hets_AL204	hets_AL207	hets_AL208	hets_AL209	hets_AL210	hets_AL213	hets_AL215	hets_AL216	hets_AL220	hets_AL223	hets_AL231	hets_AL238	hets_AL241	hets_AL242	hets_AL243	hets_AL244	hets_AL246	hets_AL254	hets_AL255	hets_AL256	hets_AL263	hets_AL266	hets_AL269	hets_AL272	hets_AL273	hets_AL274	hets_AL276	hets_AL278	hets_AL279	hets_AL283	hets_AL284	hets_AL288	hets_AL292	hets_AL300	hets_AL303	hets_AL304	hets_AL307	hets_AL309	hets_AL313	hets_AL32	hets_AL35	hets_AL75	hets_AL82	hets_AL86	hets_AL88	hets_AL91	hets_AL92	hets_AL95	hets_AL97	hets_AL99	hets_K1423	hets_K1461	hets_K1542	hets_K1544	hets_K1567	hets_K1579	hets_K1580	hets_K1583	hets_K1603	hets_K1606	hets_K1608	hets_K16100	hets_K1614	hets_K1617	hets_K1618	hets_K1623	hets_K1627	hets_K1632	hets_K1640	hets_K1650	hets_K1660	hets_K1663	hets_K1665	hets_K1669	hets_K1672	hets_K1680	hets_K1684	hets_K1693	hets_K1696	hets_K17007	hets_K17008	hets_K17010	hets_K17013	hets_K17014	hets_K17025	hets_K17028	hets_K17030	hets_K17032	hets_K17033	hets_K17034	hets_K17035	hets_K17037	hets_K17040	hets_K17042	hets_K17044	hets_K17045	hets_K17048	hets_K17052	hets_K17053	hets_K17056	hets_K17062	hets_K17064	hets_K17073	hets_K17077	hets_K17078	hets_K17081	hets_K17083	hets_K17087	hets_K17091	hets_K17094	hets_K17098	hets_K17099	hets_K17101	hets_K17102	hets_K17103	hets_K17104	hets_K17106	hets_K18010	hets_K18017	hets_K18019	hets_K18022	hets_K18034	hets_K18078	hets_K18083	hets_K18084	hets_K18091	hets_K19018	hets_K19019
NC_063232.1	1	818468	817630	817886	817977	777459	815983	817226	816220	817319	815928	815489	817503	817199	135291	569085	814390	817591	812067	817110	818039	436633	412127	816251	501909	816526	815181	817294	816559	817279	752870	801833	816041	771001	794507	380957	816845	198591	817047	816501	817201	814458	816757	816656	816330	817433	816749	817179	815905	789895	815846	486927	816377	817819	816665	810818	816784	816238	621913	817278	813884	511212	581090	817198	810165	816470	817763	373780	458574	817662	816376	817382	817910	385275	817424	817309	492095	815968	818015	814485	817678	811889	815627	455664	621980	816939	817351	817870	817805	815751	817677	817484	817901	817569	817871	818125	817670	817855	817744	807995	803287	816841	809220	817974	816881	815227	817433	703603	815759	791527	768827	774470	817301	816736	445091	578550	816743	795661	812339	579963	707007	779969	815581	817793	817255	818229	814736	816884	816610	348181	818144	582454	815007	803786	817105	816498	814471	817605	816461	801933	816787	729596	817878	808374	817866	816335	816551	817387	760069	817799	814559	813839	816923	817521	817918	817550	818083	816891	756323	808356	816942	812684	806735	779631	816531	783783	814705	815250	805266	816276	723981	811157	804549	815441	776637	815865	808907	0	1	1	1	185	1	4	192	1	195	195	5	0	239	1	459	422	188	1	0	0	194	1	189	0	191	0	30	4	1	172	1	189	65	2	0	192	2	2	473	192	188	4	189	3	190	187	1	458	102	180	194	4	1	0	194	0	194	2	115	234	184	191	1	1	148	103	181	451	188	192	0	189	191	218	0	190	194	195	2	186	99	158	191	189	461	191	191	192	0	4	193	4	194	1	194	179	423	3	0	2	1	2	2	5	3	453	1	174	4	3	3	176	3	185	185	434	133	169	175	181	4	1	194	183	1	190	183	2	127	181	460	189	1	450	191	190	146	190	0	188	194	4	184	195	195	178	194	173	0	0	194	193	194	194	451	174	185	4	1	190	183	187	186	184	469	187	183	154	470	187	453	183	3	3
NC_063232.1	1000001	803215	802148	802357	802207	756761	800208	801546	800159	801658	800407	800400	800325	802209	120727	537356	798435	801982	796176	801333	802219	486043	376558	801247	539892	801141	799312	801235	800535	801669	731405	774467	800026	688254	760100	350767	801072	178896	801071	800548	801158	798796	800921	801147	801045	801648	800731	801024	800022	748331	800001	527385	800572	802097	800882	792905	801135	794578	626061	801728	798167	534374	618885	801801	787156	801323	802359	400302	521193	802120	801359	802063	802557	468214	801911	801670	497410	800563	802517	798889	801955	778863	800766	497862	630263	800957	801739	802157	802308	800148	802554	802215	802445	802111	802009	802526	801235	802224	801957	791989	793400	801264	793526	802332	801770	799509	801948	718657	799872	780809	737045	771958	802299	801402	501757	668594	801446	780524	798000	632721	728500	777514	799480	802427	801822	802966	799282	801049	801534	453289	802708	642360	800618	782980	801620	800779	797687	802232	801099	781887	801299	729693	802347	794665	802562	801245	801157	802135	746970	802158	800025	797906	801440	802219	802108	802019	802645	801447	729378	797316	801414	799604	793402	754616	801466	781786	798633	799730	790970	800956	726613	798484	794650	800638	734483	800807	792888	0	288	294	265	522	287	339	349	214	259	546	638	0	338	215	740	681	533	242	1	0	156	0	403	0	380	413	0	568	272	665	207	383	232	541	111	156	283	284	707	154	209	631	378	257	406	151	259	698	186	394	219	633	578	507	410	425	411	623	116	431	385	157	416	284	264	266	759	712	537	270	77	287	485	362	30	537	542	571	319	528	157	189	264	553	695	571	580	545	406	549	157	548	579	219	346	711	649	245	2	236	210	630	249	634	587	714	213	530	620	648	614	314	486	530	335	710	391	416	511	758	479	485	465	256	328	260	336	636	385	468	683	559	206	690	537	457	552	528	2	385	157	685	526	545	340	312	463	535	435	0	268	243	157	545	726	139	159	541	209	157	437	554	456	377	752	383	525	643	735	455	669	305	634	599
NC_063232.1	2000001	821385	820171	820494	820506	805682	818617	819833	818528	819793	818775	818720	820461	820024	102386	484876	817353	820370	814845	819711	820503	303238	298762	819312	367982	819211	818135	819630	818907	819955	781170	814634	818752	806795	810422	271540	819181	135061	819226	818940	819381	817697	819273	819409	818888	819707	818958	819220	818240	806658	818176	370174	819047	820385	819477	814446	819396	820225	580588	820171	817683	382540	524528	819702	811755	818531	820404	264471	321105	820373	818939	820065	820618	258215	819979	819798	361436	819121	820853	817986	820477	816543	818639	319553	585712	819725	819812	820696	820492	818396	820496	820368	820776	820446	820286	820934	820721	820687	820076	808741	798430	819171	812846	820656	820429	817370	819961	695578	819367	791834	776881	752284	818917	818805	368810	541214	819332	796666	813931	527056	686713	768721	818909	820576	819097	821088	816898	819399	819289	248678	820924	556885	817306	809837	819861	818971	817586	820070	818963	804006	819341	712315	820606	810068	820400	818994	819641	820203	748049	820411	816726	817001	819864	820241	820257	820201	820971	819636	761727	805614	819461	812635	805397	790646	818553	773064	816708	816929	803381	818535	699104	813674	803801	817392	784850	816381	808559	0	774	785	768	740	766	684	697	645	0	767	535	0	313	621	723	686	741	649	182	86	0	0	641	404	667	724	0	582	775	764	646	657	173	604	77	0	609	318	264	0	0	556	665	633	635	0	756	437	150	624	0	606	678	741	650	260	647	759	224	308	663	0	603	775	128	153	815	636	747	703	148	637	610	242	784	766	761	752	749	100	1	0	699	759	771	766	611	764	765	620	0	617	624	643	705	370	236	577	40	611	643	756	593	529	509	647	602	449	471	665	528	236	296	728	659	685	405	470	389	817	707	662	619	2	481	2	150	752	231	597	779	750	632	642	753	588	513	726	324	662	81	756	360	108	702	596	535	464	635	0	698	776	0	756	713	0	0	612	630	0	515	752	478	657	729	672	742	623	715	534	753	648	646	649
NC_063232.1	3000001	831859	831000	831369	831266	810886	829187	830603	829526	830757	829571	829460	830434	830828	92370	441999	827816	831250	825821	830487	831458	322121	298959	830159	387170	830299	828673	830535	829786	830715	793319	805388	829405	782366	820625	260200	830012	127032	830111	829816	830598	828539	830042	830067	829815	830772	829872	830201	828696	795401	829305	403019	829517	831267	830199	824149	830220	826842	557130	830949	827624	376120	546675	830673	817398	829771	831164	268585	398309	831099	830073	830848	831260	327051	830698	830592	351050	829656	831420	828009	831197	813949	829817	382787	592658	830397	830581	831385	831262	829087	831234	830976	831455	831072	831076	831540	830428	831344	831167	820538	815747	830230	822770	831377	830368	827873	830719	712615	829506	802414	771248	785530	830441	829723	438363	607525	830101	806387	825212	579898	720600	796516	829215	831003	830376	831636	827527	830396	830349	347356	831482	603909	829124	818497	830680	830043	827134	830724	829915	810262	830612	735480	831124	820470	831165	829994	830032	830906	769812	831175	828380	827916	830547	830926	831059	830799	831528	830470	758691	822069	830392	825708	820326	788079	829865	796552	827591	829160	816006	829912	729609	825024	818972	829101	772866	828037	818907	0	477	477	500	517	626	344	352	1	0	238	161	0	198	262	1	406	518	158	68	43	372	107	156	266	419	153	368	392	456	406	265	408	129	419	45	369	490	466	234	366	0	404	415	3	519	347	427	347	150	515	372	417	487	614	158	166	294	407	0	176	385	348	421	473	105	67	537	426	276	391	174	444	452	165	475	413	408	470	470	0	53	71	390	449	330	474	456	539	628	463	0	466	468	448	394	412	210	257	595	2	540	527	260	157	353	432	1	310	150	419	153	138	289	156	335	587	106	351	147	539	392	415	289	32	358	31	145	528	0	582	516	617	1	422	526	412	289	153	387	371	389	158	353	0	503	361	136	350	511	367	418	467	0	159	395	320	358	462	1	359	157	608	151	322	265	531	509	451	260	351	599	406	516	349
NC_063232.1	4000001	785779	784627	785063	785081	748933	782587	783983	782892	784013	781862	781727	735522	784334	107603	444733	779344	784622	778446	783867	785063	312057	321193	781814	374078	783581	779741	783709	783238	784332	715289	648767	782785	521326	742537	283931	783699	173305	783604	783277	784006	779445	783500	783400	783543	783881	783308	783621	782558	639001	782620	377241	783061	784737	783475	770260	783573	596870	474048	783960	778853	332545	498788	784179	748177	783447	784685	262340	395556	784589	783511	783756	784928	339975	783962	784134	311969	781767	785020	779006	784530	627138	783482	346612	507042	783549	784185	784955	784910	782670	785029	784905	785016	784480	784800	785157	777855	784723	784662	771227	773541	784409	771846	784905	780744	779436	784277	686953	781083	762922	699874	761640	784459	781563	521984	649906	783098	765288	780838	591772	696852	765425	781908	784057	784406	785360	780583	784315	784080	433553	785110	617113	782384	765504	784348	783658	770051	783293	783597	745950	784317	714322	784682	778118	784990	783671	782329	784586	735474	784890	781368	779087	784142	784729	784815	784523	785270	784162	696061	780455	783965	781902	774742	744910	783136	764513	781997	783297	765447	784109	702648	780282	779015	783566	680058	783223	768081	117	302	304	320	401	327	617	630	651	0	596	698	2	161	0	649	508	398	0	0	2	559	169	1	0	634	631	552	414	513	613	368	605	24	624	117	549	448	445	354	552	0	405	636	630	544	543	182	578	36	544	556	445	478	508	0	229	554	407	222	242	574	514	688	303	160	304	500	554	401	640	193	533	637	242	302	410	434	300	386	0	263	251	627	630	593	297	638	510	447	651	0	648	652	537	638	592	191	614	622	552	693	403	581	693	255	554	628	510	599	299	662	250	514	622	617	518	442	586	626	508	582	535	652	603	573	633	300	409	0	520	677	495	639	567	402	679	443	634	474	550	637	0	540	0	551	585	647	554	551	551	632	502	309	649	534	460	546	636	640	546	666	318	675	545	615	604	318	539	617	614	537	449	541	557
NC_063232.1	5000001	802749	801614	801916	801951	797107	799414	800949	799477	800843	799993	800141	794273	801313	89513	438588	798685	801906	795254	800674	801579	361968	304278	801061	417394	800383	799380	800721	799540	800973	793555	777112	799693	721808	796420	265955	800482	130595	800444	800331	800900	799127	800690	800254	800084	801052	800013	800796	798841	773829	799170	432526	799988	801272	800489	793128	800269	768885	560366	801125	798885	401918	567706	801137	783286	800338	801775	286069	430121	801359	800485	801375	801772	366824	801252	801265	369617	800479	801954	798839	801663	758086	800008	434248	610342	800443	801093	801728	801762	799762	801954	801620	801962	801638	801800	802169	800813	801784	801550	789769	791537	800812	793131	802036	800765	798524	801165	708762	800529	778254	745804	766855	801097	799765	487441	645845	800821	779646	796251	594009	713214	771842	800405	801415	801026	802429	797558	800679	800649	393121	802264	623243	799417	783399	800768	800463	796676	800919	800060	777907	800736	716612	801965	791950	802188	800442	801013	801575	746842	801799	798696	798711	800887	801421	801766	801561	802094	800791	730017	794866	800808	799094	790632	762055	800386	771906	798768	800156	786539	800980	712326	796594	791829	800198	755632	800192	790040	220	136	134	0	711	67	720	763	773	0	733	727	1	254	87	774	236	716	90	17	1	135	57	89	1	761	562	205	707	760	755	129	767	153	762	5	134	708	620	662	201	87	708	773	728	110	132	135	591	216	173	206	709	125	753	90	58	206	720	328	84	173	132	718	45	181	334	614	856	725	745	241	674	208	289	46	731	723	134	133	0	320	28	736	756	775	135	735	615	221	759	69	745	752	674	752	615	587	707	704	648	771	720	700	722	35	859	747	564	681	46	693	361	528	709	45	258	537	628	716	614	766	624	772	694	621	732	382	726	0	257	746	709	766	678	716	705	500	722	706	264	732	0	197	0	132	671	767	594	764	204	763	776	203	739	169	119	132	738	764	133	730	67	699	258	655	796	66	512	647	721	268	123	127	683
NC_063232.1	6000001	823785	823020	823326	823216	813517	820849	822408	821088	822348	822533	822243	808512	822786	74486	389349	821735	822972	817243	822151	823161	269082	245755	822780	333667	821782	821871	822207	821438	822554	812459	782771	821376	762279	808919	192511	821610	94144	821792	821699	822294	821319	821839	821662	821622	822460	821646	821898	820670	781871	820725	362900	821415	822947	821863	817169	821745	776287	474188	822455	821341	328362	544503	822550	803271	821258	823042	232149	388924	823004	821869	822641	823307	299874	822840	822664	304899	822543	823231	821607	822876	764573	821415	338223	605735	822145	822420	823274	823215	821052	823230	822884	823302	823060	823013	823398	821276	823177	823062	812834	811985	822026	813241	823208	822016	820012	822534	726904	822138	803715	776076	789630	822594	821509	469400	622533	822082	804674	818229	594219	731803	793173	822775	822995	822466	823475	819918	821952	822176	337024	823309	617443	820972	808244	822276	821604	818559	822453	821293	801992	822272	742505	823075	815572	823271	821487	822765	822846	771505	822956	820791	820798	822160	822867	823060	822622	823292	822353	761424	815378	822126	819886	813517	787101	821895	796091	820025	821840	810186	821503	736664	818752	813828	821167	773691	820724	813304	466	259	261	0	500	259	531	407	504	357	496	231	0	162	0	516	412	506	0	0	1	0	53	0	0	538	0	257	494	530	520	0	527	9	527	2	0	490	0	32	257	0	486	540	237	258	0	0	458	159	256	259	392	0	406	0	0	259	504	135	187	432	0	644	0	95	232	465	592	498	307	117	310	430	125	0	520	663	0	0	0	226	3	308	411	545	0	535	471	448	544	251	542	544	501	306	465	28	573	232	219	503	498	225	234	58	668	475	417	491	0	645	224	167	492	0	409	328	469	471	470	396	467	506	519	468	527	206	503	0	422	541	646	494	639	500	644	390	491	524	428	536	0	253	0	0	494	502	455	498	260	302	538	259	403	427	0	1	536	504	0	482	253	633	421	470	572	454	381	465	508	427	0	0	281
NC_063232.1	7000001	833641	833002	832977	833232	826321	830178	832175	831049	831779	831888	831921	832751	832266	74401	395386	830597	832767	827733	831646	833082	279076	246928	832517	330806	831450	831128	832073	831345	832622	824774	826905	831526	829812	830053	201776	831765	92896	831826	831433	832314	830550	831338	831567	831186	832221	830976	831886	830198	822629	830868	360763	830922	832852	831989	828708	831377	831862	520623	832451	830762	335849	538083	832418	820242	830836	832906	223555	372274	832844	831498	832478	832987	297961	832816	832256	306727	832246	832543	830583	832800	825928	831356	357765	613464	832223	831941	833155	833180	831081	833179	832253	833240	832920	832912	833207	832267	833057	832967	821180	817692	831130	822090	832956	830948	827677	831764	724888	829962	811486	795841	788781	831680	828883	469505	594889	829951	816101	825839	589227	725572	797974	832157	832605	832066	833322	827583	831873	831387	295535	833078	599144	829882	822409	831423	831606	826911	830099	830054	813520	830542	749082	832628	824977	833134	831229	832458	832462	779461	832802	829870	829817	832133	832351	832199	832661	833278	832039	779810	825076	831522	828945	822812	802759	830731	802035	829581	830519	822101	830821	741079	827970	819009	831275	803603	829734	820912	633	622	164	1	578	623	619	404	163	162	161	1	0	181	1	595	540	582	0	1	0	0	163	156	2	626	0	621	158	623	611	2	611	21	616	0	159	156	0	219	579	0	158	621	2	613	381	2	575	67	604	624	0	0	416	0	2	615	160	56	236	573	1	462	2	123	153	590	542	161	160	141	158	571	67	0	472	472	0	0	0	135	0	155	413	628	0	604	592	439	637	622	631	632	535	161	595	204	503	2	2	162	164	1	1	144	472	160	542	574	0	458	205	10	1	3	537	207	528	158	597	3	597	163	589	579	617	154	160	2	557	510	463	158	458	380	455	500	5	457	575	617	0	588	0	0	561	162	569	382	615	159	473	619	0	570	0	2	622	166	2	152	611	437	553	592	505	609	469	581	599	568	1	0	0
NC_063232.1	8000001	794043	792550	792909	793188	790443	791006	791884	791606	792261	792378	792408	793392	792547	54053	346892	791960	793533	786808	792240	793352	222644	202419	792464	276986	792158	792553	792621	791631	792974	788893	789988	792022	790815	791262	162507	792129	69361	791450	791412	792529	792447	791299	791174	791562	791750	790468	792533	790679	789037	790621	324309	791680	792609	792162	789864	791187	792870	474576	792033	792078	308775	501269	792795	784490	790565	792323	188399	318040	793440	790796	792452	792764	232914	793078	791864	289391	793169	793309	792700	793219	789839	791333	295534	576863	792128	791418	793564	793406	791621	793453	793300	792989	793496	793464	793264	792718	793536	793429	781871	776485	791633	782014	792699	792128	789678	791236	668349	791630	766489	761810	732300	791729	790966	405408	505681	791926	771899	783423	530870	661796	745393	793353	792542	791976	793105	788794	791447	791341	236130	793665	537473	790443	785827	791051	791886	789887	791613	789441	776773	789741	702039	792059	783738	793413	791787	793403	792847	735229	792876	790557	791131	791696	793028	792085	793208	792915	792324	742198	779102	791231	786422	779900	769170	791424	751934	789459	789114	778872	790995	678388	785802	777363	789668	772358	789491	780599	392	661	658	31	428	582	541	251	678	673	644	13	11	114	29	453	651	443	0	26	4	560	112	630	27	572	0	566	645	664	563	29	558	101	572	3	657	657	0	655	467	207	629	596	24	717	435	26	709	146	556	740	0	531	268	641	231	582	674	153	296	658	22	308	36	70	112	723	825	338	662	139	637	679	120	0	311	310	0	0	0	56	5	660	274	580	0	556	717	498	600	569	575	609	871	641	719	584	784	12	52	672	559	12	47	503	350	640	644	540	0	295	241	47	11	514	652	266	454	592	729	30	725	677	588	728	589	155	642	172	618	816	336	665	357	488	336	627	50	733	698	582	0	535	0	0	509	676	682	477	588	632	330	561	215	663	458	47	593	663	21	649	587	287	643	747	834	554	546	719	581	679	25	0	1
NC_063232.1	9000001	810138	809335	809391	809586	807003	806340	808542	807099	808726	809097	808871	809460	809315	59770	467617	808677	809633	803156	808502	809422	384560	238873	809354	427944	808077	809058	808401	807537	808713	806573	808802	807747	808526	808834	204372	807790	75097	807966	808190	808553	808305	808273	807819	807415	808887	807769	808112	806821	807263	807185	471299	807824	809317	807925	806858	807831	809476	606125	808748	808341	482398	608908	808640	806173	808278	809232	312076	470254	809511	808761	809211	809388	370273	809238	808492	467548	809452	809639	808672	809288	808510	807768	409213	687872	808430	808746	809522	809356	807826	809545	809297	809647	809298	809375	809591	809342	809396	809536	801490	799277	808823	803448	809422	809636	807369	809012	732785	809354	791905	787480	775167	808921	808689	471033	608796	809055	793682	804203	632563	735439	779295	809556	809460	809059	809839	806700	808391	808166	334306	809799	627605	807063	804708	808607	807891	808787	809610	807568	798093	808329	742605	809207	803460	809492	807905	809494	809140	765998	809431	807881	808391	808628	809176	809336	809155	809674	808131	774871	803095	807860	808247	803469	775234	808564	791213	806367	808355	803040	807949	750991	806593	800782	807655	795533	807562	800595	173	163	387	9	647	15	0	112	391	389	381	1	1	107	9	377	577	376	0	2	4	129	0	20	15	110	0	0	378	283	108	6	115	91	0	0	378	381	0	673	383	385	368	127	75	371	367	10	371	153	0	393	0	115	115	378	84	7	388	175	316	607	9	267	12	40	174	371	663	268	389	134	377	622	147	1	273	272	0	0	0	93	0	376	55	113	1	117	377	37	121	0	114	125	19	375	373	596	5	1	67	383	388	0	15	333	285	366	358	114	0	263	252	5	60	123	590	259	107	362	377	13	382	391	118	382	121	221	378	287	598	5	282	264	285	326	276	572	74	15	624	120	0	0	0	0	109	385	363	321	360	372	285	0	390	605	104	4	121	280	6	361	8	261	597	386	10	104	332	375	110	614	7	0	0
NC_063232.1	10000001	715152	714077	714387	714424	705841	711454	713247	711992	713792	712921	713003	659194	714100	90146	434197	711218	714261	706611	713356	714155	493830	331204	712732	506901	712797	711915	713241	712141	713423	705209	610823	712161	498083	704223	315175	712855	159888	712947	712672	713301	711657	713232	712654	712436	713496	712553	712970	711515	617158	712116	493167	712200	713982	712554	702142	712639	438255	555114	713722	711321	497589	541379	713544	676822	713846	714329	409114	521047	714336	714034	714209	714514	473075	713852	713695	480389	713221	714461	712027	713865	563949	713129	479562	501349	712957	713644	714257	714399	712587	714340	713798	714439	714227	714309	714537	709538	714109	713960	703254	709313	713700	703638	714590	713014	710410	713609	630523	712814	691940	637819	702435	714331	712290	548539	657293	713209	695575	711137	583466	645143	703403	713111	714175	713934	714730	710421	713428	713312	521811	714705	604105	712443	694888	713629	713354	704471	713820	713066	682318	713503	649574	714525	707438	714915	713495	713709	714225	673199	714306	712300	711303	713617	713956	714226	713866	714729	713257	628966	711922	713480	713493	705261	676546	713345	697012	712186	713566	700855	713864	655027	711699	711824	713179	624643	713367	704589	642	612	240	0	448	0	0	94	608	611	557	0	3	229	0	614	416	600	0	0	209	94	0	0	0	497	0	0	595	136	88	0	93	97	0	0	595	589	0	353	600	592	590	91	592	387	588	0	589	337	0	607	0	88	93	340	76	0	593	329	259	451	0	160	0	36	354	609	588	581	609	310	612	448	314	0	590	581	0	0	0	305	0	592	218	94	0	92	610	685	93	0	526	93	0	608	606	295	0	0	518	605	587	0	0	512	580	589	515	88	0	555	294	2	595	91	447	496	83	593	611	0	605	611	87	608	91	11	612	504	446	0	577	300	530	0	573	255	593	0	450	93	0	43	0	0	86	605	565	0	600	596	586	0	609	451	83	0	93	166	0	585	1	161	443	613	153	91	549	605	92	457	0	0	0
NC_063232.1	11000001	184229	183796	183977	184103	175337	183362	183790	183485	183877	183508	183504	180225	184037	27826	94476	182969	183926	181887	183836	184045	98661	82888	183647	112998	183804	183178	183789	183548	183906	172308	161291	183640	146039	178067	74092	183702	38350	183721	183648	183850	183174	183707	183585	183499	183814	183598	183647	183550	160409	183533	112174	183627	183923	183530	181268	183589	153209	128580	183829	182762	103973	137459	183920	173662	183811	184023	84448	119940	183969	183935	183951	184030	102966	184031	183926	95330	183632	184083	183092	183988	156365	183757	110772	133304	183729	183918	184086	184041	183449	184073	183971	183991	184052	184081	184086	183695	184071	183995	180701	181195	183932	180650	184056	183147	182563	183884	165809	183065	178288	170334	178888	183826	183272	140883	163433	183303	180204	182788	151676	167954	178834	183605	183625	183964	184005	182450	183849	183836	117457	184109	151207	183259	180491	183861	183774	179913	183326	183524	175625	183834	166159	183953	182916	183985	183662	183644	184006	173314	184046	183051	183211	183772	183962	184001	183968	184091	183864	168277	183063	183816	183435	182280	172298	183373	180787	183063	183862	181532	183855	170164	183571	182564	183905	166250	183776	180127	135	0	1	0	126	1	0	0	1	1	0	1	0	2	1	0	1	0	0	0	0	1	0	0	1	0	0	0	1	2	0	0	0	0	0	3	1	1	0	0	1	0	0	1	2	0	0	1	1	0	0	1	0	1	2	0	0	1	1	4	1	0	1	0	1	0	1	0	1	0	2	1	1	1	0	0	0	0	0	0	0	0	0	2	1	0	0	1	0	123	1	0	1	1	2	1	0	0	0	1	2	1	1	0	2	1	1	1	0	0	0	0	2	4	0	0	0	2	0	3	0	0	1	1	0	1	1	0	0	3	9	0	1	0	0	1	7	0	1	0	0	1	0	0	0	0	1	1	0	1	1	1	1	0	1	0	0	1	0	1	1	0	1	0	0	1	4	0	1	0	1	1	0	0	0
NC_063232.1	12000001	8	7	8	8	8	7	7	7	8	8	8	8	7	7	0	7	8	0	7	8	8	6	8	8	7	8	8	7	7	8	8	7	8	7	8	7	7	7	7	8	8	7	7	0	7	7	7	0	8	7	7	8	7	8	7	7	8	8	7	8	2	0	8	8	8	8	0	8	8	8	8	8	7	8	8	7	8	8	8	8	8	8	8	8	8	8	7	8	8	8	7	8	8	8	8	8	8	8	8	8	7	8	8	8	8	8	8	8	8	8	8	8	8	8	8	8	8	8	8	8	8	8	8	8	8	7	8	8	8	8	8	8	8	7	8	8	8	8	8	8	8	8	8	8	8	8	8	8	8	8	8	8	8	8	7	8	8	8	8	8	8	8	8	8	8	8	8	8	8	7	8	8	8	8	8	8	0	0	0	0	0	0	0	0	0	0	0	0	0	0	0	0	0	0	0	0	0	0	0	0	0	0	0	0	0	0	0	0	0	0	0	0	0	0	0	0	0	0	0	0	0	0	0	0	0	0	0	0	0	0	0	0	0	0	0	0	0	0	0	0	0	0	0	0	0	0	0	0	0	0	0	0	0	0	0	0	0	0	0	0	0	0	0	0	0	0	0	0	0	0	0	0	0	0	0	0	0	0	0	0	0	0	0	0	0	0	0	0	0	0	0	0	0	0	0	0	0	0	0	0	0	0	0	0	0	0	0	0	0	0	0	0	0	0	0	0	0	0	0	0	0	0	0	0	0	0	0	0	0	0	0	0	0	0	0	0	0	0	0	0	0	0	0	0	0	0	0	0	0	0	0
NC_063232.1	13000001	93127	92238	92883	92863	90415	91531	92766	91502	92792	92389	92174	91357	92539	18870	66599	92281	92819	91827	92312	92902	54339	52657	92610	59862	92376	92381	92433	92158	92554	89600	90781	92275	86602	91039	51536	92332	25243	92408	92225	92439	92393	92263	92515	91752	92358	92096	92290	91999	87803	91712	59412	92345	92912	91654	90793	91782	88851	74651	92375	92091	57300	67731	92613	91235	92452	92856	44208	54296	92767	92690	92874	92819	46409	92511	92627	55283	92656	92956	92528	92785	89656	92335	59301	70481	92493	92572	92960	92714	91729	92788	92170	92731	92576	92956	92909	92636	92895	92795	91266	90385	92245	90472	92747	92471	91498	92759	83138	92738	89161	87701	85693	92007	91395	67290	74074	91871	89234	88292	70534	84105	87522	92585	92591	92635	92858	91154	92561	92166	45666	92934	71074	91681	91620	92329	92704	91402	91817	92019	87887	92318	84545	92460	91947	93059	91934	92841	92536	84208	92702	91078	91778	92476	92466	92857	92778	92970	92423	88994	91186	92402	92235	92140	82146	91903	89746	92380	92789	92508	91820	86210	92425	90905	92481	82859	92448	88854	53	11	7	9	52	12	10	11	12	12	9	11	3	5	9	11	9	11	12	6	2	10	7	11	10	9	9	10	9	11	12	7	9	4	10	1	12	13	12	9	9	10	11	12	13	12	11	11	12	5	11	11	11	7	9	7	9	15	10	7	7	11	12	12	13	2	6	11	12	10	14	4	11	13	4	10	12	11	11	6	10	7	10	9	12	12	10	9	11	56	11	11	10	11	11	9	11	12	9	12	10	10	10	12	11	13	14	12	11	9	10	11	8	11	11	14	10	7	10	16	13	10	11	13	12	10	12	7	12	7	12	11	12	11	12	10	12	12	10	9	12	13	11	12	12	11	8	11	9	10	14	13	12	11	12	12	12	12	13	11	12	10	14	11	10	12	15	13	8	14	15	13	10	11	8
