chrom	window_start	sites_total	calls_AL101	calls_AL102	calls_AL103	calls_AL114	calls_AL119	calls_AL120	calls_AL121	calls_AL124	calls_AL125	calls_AL127	calls_AL129	calls_AL133	calls_AL134	calls_AL137	calls_AL138	calls_AL141	calls_AL142	calls_AL143	calls_AL146	calls_AL149	calls_AL153	calls_AL155	calls_AL156	calls_AL159	calls_AL160	calls_AL162	calls_AL166	calls_AL170	calls_AL173	calls_AL174	calls_AL175	calls_AL176	calls_AL177	calls_AL178	calls_AL180	calls_AL181	calls_AL182	calls_AL184	calls_AL185	calls_AL187	calls_AL189	calls_AL193	calls_AL196	calls_AL197	calls_AL199	calls_AL200	calls_AL201	calls_AL204	calls_AL207	calls_AL208	calls_AL209	calls_AL210	calls_AL213	calls_AL215	calls_AL216	calls_AL220	calls_AL223	calls_AL231	calls_AL238	calls_AL241	calls_AL242	calls_AL243	calls_AL244	calls_AL246	calls_AL254	calls_AL255	calls_AL256	calls_AL263	calls_AL266	calls_AL269	calls_AL272	calls_AL273	calls_AL274	calls_AL276	calls_AL278	calls_AL279	calls_AL283	calls_AL284	calls_AL288	calls_AL292	calls_AL300	calls_AL303	calls_AL304	calls_AL307	calls_AL309	calls_AL313	calls_AL32	calls_AL35	calls_AL75	calls_AL82	calls_AL86	calls_AL88	calls_AL91	calls_AL92	calls_AL95	calls_AL97	calls_AL99	calls_K1423	calls_K1461	calls_K1542	calls_K1544	calls_K1567	calls_K1579	calls_K1580	calls_K1583	calls_K1603	calls_K1606	calls_K1608	calls_K16100	calls_K1614	calls_K1617	calls_K1618	calls_K1623	calls_K1627	calls_K1632	calls_K1640	calls_K1650	calls_K1660	calls_K1663	calls_K1665	calls_K1669	calls_K1672	calls_K1680	calls_K1684	calls_K1693	calls_K1696	calls_K17007	calls_K17008	calls_K17010	calls_K17013	calls_K17014	calls_K17025	calls_K17028	calls_K17030	calls_K17032	calls_K17033	calls_K17034	calls_K17035	calls_K17037	calls_K17040	calls_K17042	calls_K17044	calls_K17045	calls_K17048	calls_K17052	calls_K17053	calls_K17056	calls_K17062	calls_K17064	calls_K17073	calls_K17077	calls_K17078	calls_K17081	calls_K17083	calls_K17087	calls_K17091	calls_K17094	calls_K17098	calls_K17099	calls_K17101	calls_K17102	calls_K17103	calls_K17104	calls_K17106	calls_K18010	calls_K18017	calls_K18019	calls_K18022	calls_K18034	calls_K18078	calls_K18083	calls_K18084	calls_K18091	calls_K19018	calls_K19019	hets_AL101	hets_AL102	hets_AL103	hets_AL114	hets_AL119	hets_AL120	hets_AL121	hets_AL124	hets_AL125	hets_AL127	hets_AL129	hets_AL133	hets_AL134	hets_AL137	hets_AL138	hets_AL141	hets_AL142	hets_AL143	hets_AL146	hets_AL149	hets_AL153	hets_AL155	hets_AL156	hets_AL159	hets_AL160	hets_AL162	hets_AL166	hets_AL170	hets_AL173	hets_AL174	hets_AL175	hets_AL176	hets_AL177	hets_AL178	hets_AL180	hets_AL181	hets_AL182	hets_AL184	hets_AL185	hets_AL187	hets_AL189	hets_AL193	hets_AL196	hets_AL197	hets_AL199	hets_AL200	hets_AL201	hets_AL204	hets_AL207	hets_AL208	hets_AL209	hets_AL210	hets_AL213	hets_AL215	hets_AL216	hets_AL220	hets_AL223	hets_AL231	hets_AL238	hets_AL241	hets_AL242	hets_AL243	hets_AL244	hets_AL246	hets_AL254	hets_AL255	hets_AL256	hets_AL263	hets_AL266	hets_AL269	hets_AL272	hets_AL273	hets_AL274	hets_AL276	hets_AL278	hets_AL279	hets_AL283	hets_AL284	hets_AL288	hets_AL292	hets_AL300	hets_AL303	hets_AL304	hets_AL307	hets_AL309	hets_AL313	hets_AL32	hets_AL35	hets_AL75	hets_AL82	hets_AL86	hets_AL88	hets_AL91	hets_AL92	hets_AL95	hets_AL97	hets_AL99	hets_K1423	hets_K1461	hets_K1542	hets_K1544	hets_K1567	hets_K1579	hets_K1580	hets_K1583	hets_K1603	hets_K1606	hets_K1608	hets_K16100	hets_K1614	hets_K1617	hets_K1618	hets_K1623	hets_K1627	hets_K1632	hets_K1640	hets_K1650	hets_K1660	hets_K1663	hets_K1665	hets_K1669	hets_K1672	hets_K1680	hets_K1684	hets_K1693	hets_K1696	hets_K17007	hets_K17008	hets_K17010	hets_K17013	hets_K17014	hets_K17025	hets_K17028	hets_K17030	hets_K17032	hets_K17033	hets_K17034	hets_K17035	hets_K17037	hets_K17040	hets_K17042	hets_K17044	hets_K17045	hets_K17048	hets_K17052	hets_K17053	hets_K17056	hets_K17062	hets_K17064	hets_K17073	hets_K17077	hets_K17078	hets_K17081	hets_K17083	hets_K17087	hets_K17091	hets_K17094	hets_K17098	hets_K17099	hets_K17101	hets_K17102	hets_K17103	hets_K17104	hets_K17106	hets_K18010	hets_K18017	hets_K18019	hets_K18022	hets_K18034	hets_K18078	hets_K18083	hets_K18084	hets_K18091	hets_K19018	hets_K19019
NC_063238.1	1	809510	808683	809063	808946	804485	807159	808279	806714	807240	808147	807286	807323	807319	48392	231002	807691	808004	806820	808158	808895	74752	147724	807972	104826	807715	808032	808391	807152	808569	800821	805044	807792	795138	801769	114380	807480	51059	807739	807981	807978	807942	805496	807729	807054	808423	807657	808135	806916	802795	806808	134495	807395	808915	807492	809005	807634	806238	294905	806354	807204	127824	267453	807827	788229	805429	808595	86824	126594	809282	805379	807982	808803	83033	807962	808085	150403	808555	809190	807889	809030	799608	806955	138332	360221	808109	807643	809066	808913	807394	808862	808997	809125	809033	808787	808965	806732	808937	808885	800460	748768	805989	803066	808910	809182	806464	808154	527675	808434	724428	713477	632133	803415	808245	280749	325313	808311	762346	793138	326644	491339	694802	808223	809017	802193	809152	804921	807835	807354	87808	809229	353379	805142	780855	807854	807297	807443	808806	805487	801762	807143	604662	808484	773864	807344	806946	808794	808127	668407	808484	803708	806943	808281	808088	808617	808668	809076	807590	661776	748035	804798	758535	766476	799933	807530	628368	802318	788860	753040	801362	517032	775539	748088	794011	755199	793771	788138	757	643	636	739	106	754	587	0	388	0	612	103	0	57	636	5	5	5	106	34	46	633	6	632	106	5	454	107	708	720	0	667	595	0	0	23	109	104	750	638	106	1	106	628	625	0	7	723	616	44	1	1	386	640	0	1	130	102	112	52	133	106	97	733	106	29	9	642	476	628	624	34	630	106	2	778	106	104	470	683	623	61	1	634	382	0	0	621	356	106	640	6	757	766	5	641	364	577	548	102	467	105	7	0	105	364	109	313	488	67	479	619	94	31	612	0	670	206	325	480	5	472	375	0	524	4	747	35	629	202	703	0	0	489	387	386	718	56	370	3	745	569	0	0	0	622	466	0	600	384	0	381	0	102	106	106	0	556	0	4	551	0	0	0	709	599	0	0	1	560	549	696	526	5	93
NC_063238.1	1000001	824138	823555	823744	823773	818624	821838	822596	821595	822094	821932	821830	821275	822263	47330	256158	821941	823152	821300	822684	823668	80011	162517	822691	113504	822660	822524	822926	822124	823234	814998	820400	822329	805289	817252	125875	822498	50427	822610	822557	822944	822327	820318	822442	821873	823041	822080	822765	821443	818963	821464	140925	822243	823607	822687	823219	822431	818224	316325	821124	821627	139969	316950	822886	804724	820291	823390	92830	147436	823973	821085	822680	823687	89012	823060	822933	165052	822818	823882	822167	823688	812796	821240	141305	387751	822872	822530	823695	823700	821935	823357	823496	823850	823522	823494	823791	821258	823697	823584	815224	775941	821007	818407	823516	823784	821777	823094	569368	823044	756857	742249	676067	818929	823086	285868	355298	823052	782551	811766	361548	545627	724462	822885	823892	818355	823745	820605	822312	822292	93862	823844	387767	820135	803891	822471	821884	822452	823702	820618	816198	821998	645393	823248	796910	821870	821489	823196	822754	700616	823433	819146	821659	822915	822944	823359	823470	823825	822503	701155	777389	820366	786688	786421	813037	822395	673824	817400	810443	779532	817257	571467	797131	771826	812504	776341	812092	806431	673	690	459	739	715	756	0	0	736	0	20	460	1	122	458	761	742	748	461	37	28	690	49	451	455	757	438	451	721	728	1	100	442	2	0	19	671	452	129	457	666	0	446	455	572	453	678	573	411	59	0	0	718	19	0	0	124	447	690	65	160	575	599	116	349	30	65	588	428	450	18	2	454	579	0	593	459	461	446	103	441	52	191	453	730	0	0	445	589	461	460	695	131	133	751	455	675	535	510	445	419	455	701	0	454	373	584	630	443	374	429	455	77	175	415	0	673	153	13	15	764	444	709	0	548	657	375	50	19	8	697	216	0	432	607	717	124	396	708	2	735	616	0	0	0	450	393	0	544	729	0	727	0	453	459	568	78	608	2	531	612	2	4	0	698	446	218	0	416	434	426	703	570	713	413
NC_063238.1	2000001	822468	821888	821977	821917	817750	819553	821082	819738	820008	821471	821220	818300	819181	46923	209390	821611	821414	819647	820990	821800	64151	140541	821513	97919	820731	821705	821215	820064	821217	816853	817735	820887	768830	815961	116874	820392	49732	820620	820794	821118	821753	818522	820387	820150	821297	820392	821015	819643	814427	819432	118832	820402	821811	820513	821687	820608	810506	291320	819273	821551	105833	259518	820874	802822	818276	821580	75749	111497	822178	818335	820735	821895	72661	821171	821292	140899	822148	822097	821866	821979	804670	819521	125245	343990	821111	820585	821932	821891	820109	821580	821917	822181	821802	821767	822121	817996	821845	821576	812073	764116	818915	816691	821819	822036	819752	821283	532362	821928	740012	731516	643726	816930	821283	228924	315336	821012	772162	808516	325362	504677	712946	822010	822044	815849	822084	818789	820882	820479	77039	822124	345290	818595	793149	820900	820096	820583	821870	819297	812340	820203	627586	821582	789094	820079	820262	822154	821426	680648	821631	816426	821174	821022	821287	821737	821485	821964	820659	682627	765490	818355	773709	775487	812280	820537	634266	816230	806158	770147	816265	524469	795231	762266	809158	769447	807238	803779	340	825	98	24	835	23	334	0	861	0	831	234	0	125	869	223	222	221	244	44	12	823	29	863	245	783	830	836	816	821	0	1	818	3	331	25	688	238	1	873	766	770	170	864	861	835	445	235	217	57	769	789	853	633	0	707	179	242	383	49	38	86	343	134	239	40	18	886	806	855	726	23	815	221	0	245	243	243	168	1	842	66	244	804	841	0	0	840	360	24	877	339	1	555	212	872	774	787	744	48	170	191	344	0	242	457	88	689	666	158	840	860	117	61	330	0	193	95	412	663	368	169	817	0	826	862	834	16	861	255	214	767	0	180	869	825	1	753	677	2	224	734	1	0	0	859	638	0	815	685	0	840	0	837	242	86	605	704	0	745	700	1	0	81	216	810	370	0	196	780	727	209	710	363	205
NC_063238.1	3000001	776416	776029	776089	776052	762312	773986	775389	773986	772992	774077	772601	764892	771052	36034	159993	775500	773803	774764	775261	775839	35035	111237	775234	44372	775011	775842	775247	774152	775469	762302	769516	775102	543480	757990	90477	774788	37119	774702	774833	775134	775483	769112	774916	773815	775275	774486	775129	773711	754577	773686	61634	774470	775936	775032	774529	774760	738812	197652	768397	775450	59127	148321	775174	745150	771215	775662	45028	65404	776074	771706	774278	776048	42825	775157	775396	102983	776029	776247	775686	776025	724332	773144	84670	215139	775129	774361	776029	775958	774283	775798	775843	776173	775995	775807	776142	759986	775969	775899	769520	671433	770959	771854	775856	776246	771793	775494	403816	775848	637156	628821	506183	765586	775786	231679	223154	775324	697048	750997	201695	338977	618004	776007	776208	762000	776165	772791	774728	774264	46400	776058	238084	772162	721025	774617	773792	773230	776265	771758	770635	773774	506597	775556	709387	768176	773948	776024	774736	568592	775699	768003	774999	775218	775224	775831	775625	776031	774435	554356	662879	768446	669316	692651	768189	774823	492450	767102	737020	675445	763465	360428	712310	665973	740326	696317	748764	750060	550	497	1	6	665	1	534	0	672	7	691	620	1	68	868	618	636	632	650	20	44	709	23	860	652	850	414	860	606	639	0	11	747	0	542	13	542	635	1	870	655	745	294	653	754	853	691	563	624	28	736	762	679	308	0	671	106	596	308	25	17	22	255	650	641	7	29	788	734	841	6	3	637	640	0	654	652	652	754	1	833	13	45	639	665	0	0	843	278	1	337	548	1	872	541	866	772	706	605	0	724	548	554	0	648	335	25	61	518	331	649	854	147	117	756	8	557	148	271	519	283	758	626	5	832	771	663	20	755	146	599	624	6	731	407	691	2	707	723	6	642	567	0	0	0	839	501	0	718	746	0	667	3	860	649	22	497	527	0	599	528	4	0	300	595	200	478	208	91	180	265	542	671	265	556
NC_063238.1	4000001	792718	792330	792463	792348	786251	790444	791664	790386	790241	791401	790492	788716	789499	49163	255960	791197	791361	790436	791375	792245	69866	157403	791141	90568	791316	791327	791546	790410	791762	783837	787203	791283	737605	785930	132435	791028	63574	790923	791082	791593	791085	788448	791129	790650	791814	791044	791557	790485	774592	790092	106769	790678	792200	791239	792323	791211	781081	292247	788881	790874	108049	216617	791200	768579	787920	792037	79468	95103	792521	788032	791280	792247	70372	791567	791554	133461	791659	792524	790974	792008	773960	789897	126031	283259	791396	790821	792305	792325	790250	792035	792283	792525	792276	792369	792328	789091	792165	792193	785367	721229	788890	786001	792260	792397	789665	791677	466805	791752	690862	672681	589386	784976	791693	263181	271483	791562	732696	775500	255750	427062	665602	791475	792184	784221	792524	788972	790905	790229	60363	792276	288414	788417	752501	791199	790220	789185	792093	788821	785190	790355	566025	791852	749070	789046	790168	791555	790955	628807	792059	785709	790320	791661	791363	792117	792014	792378	790723	618613	718478	788404	729822	732690	783692	791294	597937	785041	767232	725983	784052	449211	750678	714500	774071	729909	773761	772132	0	0	0	1	654	0	0	0	671	5	537	0	0	141	553	0	0	0	0	29	92	556	29	536	1	543	652	554	628	637	0	5	511	0	0	24	5	0	0	554	522	548	0	4	535	548	539	5	0	39	546	553	662	0	0	486	112	0	5	54	0	0	1	643	1	37	5	558	526	551	5	5	0	2	0	0	0	0	662	0	534	0	0	1	645	0	0	543	0	0	0	0	0	559	4	553	506	516	445	0	634	0	1	1	0	261	5	0	385	1	640	546	102	7	548	3	5	131	237	384	0	669	642	4	526	545	648	29	551	126	0	441	1	643	674	675	0	513	651	3	3	465	0	0	0	542	371	2	523	645	0	652	6	553	0	0	325	445	6	480	444	1	4	2	0	5	4	0	4	1	0	4	429	0	0
NC_063238.1	5000001	812230	811739	811844	811828	808706	809827	810921	809874	810148	809958	809131	809469	809842	59239	268828	809938	811248	809674	810829	811782	71991	185315	810818	112712	810671	810663	811068	810209	811118	807381	807004	810716	795724	807541	142919	810730	68911	810677	810500	810916	810365	808910	810443	809978	811014	810494	810795	809932	805277	809865	124480	810140	811688	810720	811854	810527	805051	303651	808870	810050	120413	263370	811038	790520	807661	811558	80799	111342	811966	807705	810593	811641	72849	811072	811155	133954	811090	811920	810207	811454	796982	809451	144110	325005	811155	810516	811836	811767	809756	811428	811771	811906	811774	811653	811952	810362	811728	811620	804275	749448	808616	805172	811710	811885	809076	811309	505968	810721	724289	708500	634442	806514	810904	274151	299998	810812	758882	796230	297244	476637	693015	811156	811713	805722	811961	808548	810498	810464	74974	811849	323908	807757	782209	810927	809917	810007	811590	808421	802485	809775	594218	811381	775642	809544	809458	810793	810882	662726	811563	807000	809226	811191	810716	811457	811482	811804	810552	652719	751498	807465	764576	763606	804353	810711	645529	803677	792613	753051	805545	503725	777951	745692	797654	755449	797981	791698	3	2	1	1	407	1	3	0	416	0	340	2	0	66	347	2	2	2	2	12	13	340	24	341	3	344	411	344	407	399	0	5	329	0	3	13	3	2	1	346	331	338	1	2	340	335	336	2	2	14	343	344	416	1	0	331	76	3	1	4	0	0	0	396	3	14	1	348	336	340	0	0	2	4	0	2	2	2	127	1	335	0	0	3	415	0	0	334	1	0	1	3	1	350	2	346	343	316	289	0	128	3	4	0	2	180	1	4	251	6	409	334	61	2	341	0	5	84	159	266	1	130	412	1	328	342	404	5	345	104	2	305	0	124	421	420	0	304	128	10	5	305	0	0	0	336	228	0	319	128	0	417	0	346	2	0	230	297	0	312	295	0	3	4	1	0	2	2	1	0	4	2	290	1	2
NC_063238.1	6000001	790577	790243	790279	790320	787776	788194	789426	788338	788252	789322	788693	787118	787506	51666	266353	789167	789776	788221	789375	790141	67562	159343	789462	102951	789153	789542	789601	788495	789694	786902	786493	789247	771087	785953	131270	789050	59079	789130	789342	789433	789014	787107	788903	788451	789542	788807	789417	788112	783820	788044	120482	788888	790058	789146	789920	789216	780983	303796	787028	788710	113043	247162	789351	772510	786470	789952	79789	106211	790392	787289	789004	790132	68880	789468	789539	138985	790037	790420	788955	790119	773015	788003	120873	327485	789544	789008	790259	790204	788596	790082	790261	790390	790171	790172	790354	788157	790212	790086	782986	733921	787109	785420	790165	790115	788216	789690	510889	789625	712335	707468	624045	784219	789825	261398	300211	789536	740499	777016	300635	478274	678407	789689	790440	784793	790368	786971	789112	788580	68578	790323	324652	787383	764410	789138	788697	788831	790329	787644	784240	788299	588004	789778	758760	787971	788306	789769	789235	650548	789867	785730	788249	789699	789562	789990	789838	790233	788882	654450	734350	786571	745930	742882	780335	789200	638275	784449	775704	737583	784160	509287	766717	732994	777999	739724	777938	773466	1	1	1	3	228	2	1	0	238	0	490	0	1	46	507	0	0	0	0	13	21	508	31	496	0	495	230	504	227	232	1	3	473	0	1	12	3	2	0	503	485	500	0	4	495	501	495	0	3	29	491	508	233	1	2	462	100	2	4	10	3	1	2	224	3	22	1	506	493	493	1	1	0	2	0	0	0	0	299	0	487	1	0	2	228	0	0	484	2	0	0	1	0	506	2	502	541	453	430	0	282	3	1	0	3	248	2	1	376	3	227	492	95	2	495	3	3	134	228	362	1	301	222	2	487	491	227	9	502	126	1	432	3	286	238	238	3	456	287	3	1	438	0	0	0	496	349	3	478	295	3	228	1	500	1	1	336	429	0	440	413	0	3	0	1	2	3	0	3	3	4	2	433	1	0
NC_063238.1	7000001	823696	823198	823324	823334	817671	820760	822464	820971	821235	822109	821031	820930	820216	48952	262753	821414	822614	820856	822251	823089	77223	161069	822366	108294	822052	821924	822523	821091	822641	817861	819156	822012	805567	817354	120528	821878	46851	822024	822075	822343	821376	820267	821906	821412	822627	821457	822220	821052	811347	821027	132446	821597	823014	821998	823180	822191	817852	302776	820295	821947	125528	261046	822144	800074	818868	822873	85725	123642	823465	819171	822008	823099	80795	822408	822420	139531	822826	823385	821804	822939	811383	820800	136746	335498	822359	821617	823273	823153	821366	823076	823263	823318	823263	822952	823398	821467	823013	823131	815823	763625	820357	817303	823115	823029	821043	822598	530035	822767	736694	729287	644135	817744	822742	268307	325015	822642	774788	806991	321190	501319	707068	822743	823114	816430	823471	820769	822072	821380	87877	823359	340518	820275	791869	822056	821076	820779	823142	820815	815021	820786	622078	822834	788459	821062	821276	823063	822340	686981	823025	817730	820920	822452	822554	823124	822805	823255	821905	676761	766594	819888	774631	774897	812796	822221	664538	817184	807239	769127	817000	523864	795676	764660	810118	765638	811562	805454	2	2	0	2	668	0	2	0	683	2	831	1	0	132	853	1	1	1	1	50	82	848	58	840	1	848	665	848	649	653	0	2	815	4	2	29	2	1	0	852	349	850	3	2	70	834	822	1	1	81	827	859	678	3	0	814	181	1	3	74	3	0	2	640	1	41	1	857	822	827	0	0	1	1	0	1	1	1	850	0	824	1	3	1	677	0	0	837	3	0	0	2	0	856	3	851	4	787	725	0	789	3	4	0	1	443	2	0	659	3	669	832	172	6	838	2	1	269	435	654	3	853	651	0	807	837	663	72	850	280	1	738	0	826	688	693	2	763	815	4	3	767	0	0	0	830	654	0	808	837	1	670	0	841	1	0	601	741	0	759	733	1	0	1	1	0	1	1	3	2	3	1	699	3	1
NC_063238.1	8000001	743275	742873	742925	742828	736516	740617	741370	740830	741120	741842	740756	741596	740724	52195	235509	741065	742171	740399	741857	742760	66866	156320	742117	102102	741739	741936	742045	741130	741879	735049	738356	741726	738591	736178	119446	741728	58123	741601	741914	741927	741203	740634	741265	739889	742134	740946	741825	740835	735539	740668	112847	741183	742753	741323	742754	741623	739607	293738	739735	741377	109929	226253	741922	722318	738820	742675	79027	99702	743053	739247	741838	742732	65217	741958	742143	130083	742227	742877	741488	742429	733811	740431	113027	291880	742134	741695	742950	742874	741162	742866	742099	742912	742691	742773	743040	741904	742776	742802	735556	683708	739937	738140	742599	742914	740331	742261	461159	742125	657296	650704	573885	737617	742347	272062	279931	742289	693329	728898	265521	424460	626832	742356	742656	736895	742992	739700	741443	741536	63686	743036	289479	738963	716366	741718	740613	740158	742768	740005	737001	741301	544528	742540	710795	740177	740579	742363	741974	600189	742675	738426	740776	742296	742186	742690	742346	742871	741426	603226	684911	739081	700353	699897	735649	741773	584098	737684	725638	688310	736344	457616	714755	683037	731484	691217	731896	725309	5	625	628	613	562	0	5	511	568	1	642	2	0	135	659	3	3	3	3	27	67	653	42	642	3	650	549	516	556	559	0	607	613	0	5	25	5	2	616	653	5	646	1	3	0	635	633	3	3	52	646	656	564	2	0	631	135	508	2	51	2	0	2	535	3	34	0	659	618	639	0	0	3	3	0	625	525	3	689	568	632	0	0	3	555	0	0	632	2	0	626	524	628	655	3	647	3	596	552	0	601	2	5	0	3	286	0	478	477	5	546	647	135	2	628	425	3	179	306	483	2	699	547	0	536	641	561	31	654	165	3	551	508	681	571	7	596	580	630	5	3	572	0	495	0	644	451	0	620	651	0	565	0	650	3	0	359	530	506	585	559	3	508	3	2	0	3	480	1	0	3	3	523	2	3
NC_063238.1	9000001	830781	830055	830221	830198	828176	828069	829458	828262	828883	828923	828233	829564	829199	61086	310093	827904	830185	827150	829339	830287	101231	190363	828963	142633	829177	828271	829488	828260	829770	824104	826783	828994	827092	827442	152242	829060	71366	829141	829185	829566	828357	827969	828852	828455	829608	828803	829546	827859	826654	828082	168913	828766	830240	829122	829855	828989	827265	353490	828664	827613	157699	318206	829363	814092	826743	830067	108368	146803	830471	826100	829211	830214	104409	829713	829515	169407	828791	830399	827954	830057	825226	828050	170273	388149	829643	828958	830416	830452	828579	830078	830145	830452	830345	830351	830448	829568	830286	830300	821557	779173	827530	822947	830178	829906	827386	829768	562665	828671	755576	745136	672744	824976	828541	288457	352588	829125	788461	818036	346554	534446	723539	828786	829922	825188	830578	826013	829157	828564	107851	830308	377708	826845	808070	828990	828662	828164	829395	827513	819542	828487	638003	829896	801270	828459	828187	828857	829338	702520	829975	824936	827494	829435	829475	829940	830069	830209	828869	705083	778576	826653	787799	792402	818789	828193	690824	824066	816762	784711	824017	563708	804232	775480	817667	782143	819244	811697	199	245	46	43	723	1	195	0	746	0	38	41	0	144	1	1	1	1	40	1	0	198	0	1	41	1	734	1	705	701	39	0	1	14	193	14	3	40	47	1	192	0	157	41	0	1	192	41	40	2	38	40	745	161	0	1	2	41	197	87	9	0	145	721	41	55	6	40	38	3	39	0	41	1	0	86	41	0	740	41	1	36	51	39	734	1	0	3	158	0	47	199	46	1	38	1	41	0	33	191	6	160	201	0	40	29	40	43	0	25	729	190	9	12	39	1	42	15	21	32	199	752	736	0	44	40	736	73	159	14	39	31	0	734	748	199	46	0	1	1	1	176	0	1	0	1	2	0	39	1	0	729	0	3	1	0	2	1	0	32	1	41	0	27	40	0	28	38	81	0	130	1	1	36	35
NC_063238.1	10000001	821744	821347	821449	821338	813087	819343	820632	819479	819339	820256	820345	813830	817452	44489	228700	820898	820233	819746	820472	821255	50340	152161	820880	73188	820240	821220	820466	819481	820817	814542	814444	820287	748928	812752	114777	819999	46293	819904	820217	820432	820834	816319	819951	819542	820694	819895	820547	819214	811890	819127	91182	819792	821192	820326	820570	820065	802194	269261	816136	820663	94438	201676	820067	794779	816428	821012	64665	87584	821591	817715	819936	821254	49635	820497	820363	122900	821548	821556	821009	821252	781053	818675	105705	281990	820641	820054	821330	821332	819759	821267	821310	821547	821353	821204	821571	816006	821292	821405	814536	745274	817781	816881	821208	821513	819283	820816	475053	821207	715893	701978	603144	814863	820829	247028	270181	820673	759980	804418	260756	435985	678935	821305	821475	813622	821564	818120	820116	820037	53203	821505	284561	817599	786481	820502	819469	819526	821417	817973	815318	819194	580343	820910	775075	818461	819267	821337	820457	653505	821063	815319	820342	820673	820562	821091	820850	821324	820206	646180	745794	817530	762779	765121	813151	820281	617084	815614	802747	755059	814226	465893	785831	744388	803720	758403	804925	803455	607	611	0	0	642	0	595	0	657	0	698	735	0	106	513	0	0	0	778	16	40	653	13	509	780	505	757	514	444	617	764	4	468	73	600	25	0	761	0	515	581	500	316	769	505	508	637	727	759	24	731	750	647	328	0	414	71	737	657	38	86	2	276	445	774	36	52	752	727	494	774	0	769	0	1	782	782	0	685	0	498	45	65	771	648	0	0	507	320	0	0	607	0	520	740	515	772	463	622	592	1	323	616	493	764	221	776	1	344	493	454	637	131	180	727	0	682	172	301	541	608	691	744	230	487	734	461	33	325	173	735	99	0	465	662	612	2	485	498	438	188	564	0	0	0	205	129	0	706	504	0	639	0	512	0	2	328	172	0	649	161	745	306	489	729	0	634	724	161	0	260	0	161	725	687
NC_063238.1	11000001	822318	821409	821506	821576	819468	819780	820706	819816	820259	820430	819033	819666	820151	66336	293646	819800	821497	819570	820932	821638	100423	191430	820681	136119	820842	820484	820832	819834	821214	816915	817891	820730	808121	817803	167366	820562	75255	820419	820621	820953	820024	818550	820408	819806	820910	820354	821074	819539	816677	819125	151481	819959	821641	820612	821817	820814	814331	365481	819209	819913	164607	298075	820690	803601	817994	821279	114773	146229	822091	818903	820730	821505	94413	821048	821024	191941	820890	822053	820617	821645	811519	819216	157233	361892	820836	820615	821882	821639	819937	821286	821453	821752	821730	821546	821831	819953	821706	821618	813904	766618	819185	815136	821454	821258	819597	820911	547742	820716	741824	739888	662621	817207	820884	286360	335105	820840	777270	808338	334870	515610	710545	821076	821854	816939	822106	818427	820618	820363	91090	822000	356756	818463	799859	820791	820105	819107	821640	819227	811843	820271	624812	821332	790999	819782	820032	821243	820843	685277	821576	816729	819717	821083	821253	821632	821376	821969	820478	688008	768081	818319	780610	780636	811631	820323	675711	816147	807551	778508	815768	540473	798458	769864	810205	774712	807095	802071	465	462	443	434	773	440	440	92	816	21	898	830	0	165	698	423	426	419	851	56	76	356	56	660	868	670	891	693	409	792	740	21	649	69	439	19	17	848	422	681	456	685	136	862	692	666	335	829	845	69	892	938	786	815	6	631	229	786	356	88	137	0	724	0	856	57	104	927	906	665	860	2	841	432	0	759	803	0	116	379	661	71	59	852	799	427	0	659	808	429	450	452	425	693	852	676	843	678	808	819	327	144	473	849	859	243	766	364	624	671	0	343	184	199	905	18	788	276	480	719	802	137	894	868	755	922	21	73	811	308	808	0	110	0	799	472	427	725	659	562	759	328	0	90	0	0	0	13	843	685	11	781	15	677	296	0	505	9	114	867	19	844	787	626	798	20	754	756	446	15	134	408	10	862	811
NC_063238.1	12000001	823294	822935	822982	822943	819230	820745	822243	821060	820902	821834	821178	821282	820634	55079	246041	821458	822497	820752	822224	822884	66939	159748	821955	98804	821985	821988	822093	820927	822605	815643	818639	821777	805721	819066	127946	821683	59373	821681	821603	822120	821686	820060	821497	820881	822303	821409	821961	820853	815945	820390	121352	821398	822810	821714	822926	821809	816189	303188	819786	821696	114508	256838	821823	800098	819021	822619	75010	104745	822976	818397	821697	822763	66265	822314	822108	138183	822218	823051	821598	822691	813143	820577	128184	332866	822132	821716	822996	822922	821434	822639	822894	822998	822973	822829	823073	821356	822937	822925	815242	759078	819624	816321	822581	822407	820579	822157	515325	821959	734469	722329	632914	816062	821691	266850	296665	822116	772346	808410	297750	477699	702228	822108	822620	815967	823122	818653	821729	821257	73491	822927	326169	819063	792526	821895	820939	820418	822471	819478	814672	821096	601920	822345	786753	820402	820837	822479	821796	673818	822635	816951	821048	822148	821938	822630	822657	822917	821234	665507	759477	819114	774252	773376	814411	821085	656711	815570	802516	762335	815033	501464	787403	755022	808202	762304	807391	804188	4	4	623	601	778	616	4	4	810	276	870	739	1	168	699	620	609	618	755	29	64	702	38	558	863	686	827	693	585	526	749	0	663	59	4	21	0	740	623	572	4	677	0	745	681	694	676	716	736	61	873	887	795	750	0	644	146	722	698	54	117	1	662	0	749	33	58	888	850	484	748	1	745	618	1	811	756	0	824	550	677	71	4	748	787	627	0	685	740	619	624	4	621	703	741	690	750	720	730	802	680	0	4	717	744	292	794	502	647	166	0	685	148	1	868	0	667	228	377	605	895	828	809	755	833	859	3	38	747	229	699	0	4	0	806	5	595	808	672	433	791	631	660	4	0	0	2	791	823	690	0	784	0	698	703	0	470	1	3	763	4	723	721	483	698	0	601	684	341	0	3	570	0	807	778
NC_063238.1	13000001	797370	796994	797042	796964	788251	794967	796342	795103	794615	795786	795478	785456	791715	40631	157924	796344	795609	795714	796042	796765	29868	119708	795593	38154	795785	796537	796341	795181	796584	788938	790519	795906	532032	787796	96146	795704	46157	795543	796089	796240	796243	790377	795266	794942	796426	795543	796124	794707	779288	794873	62095	795677	796814	796142	794936	796064	753984	204685	791283	796179	58933	143006	795733	764005	791926	796592	44217	68974	796992	792211	795332	796922	40323	796141	796344	101997	796647	797231	796495	796896	743808	794320	90272	240493	796122	795163	797020	796903	795243	796682	796781	797002	796969	796898	797092	779027	796878	796908	790708	699728	792108	792719	796789	797288	795168	796467	410629	796434	658728	643685	533578	784911	796537	216844	215489	796367	722447	777797	207865	366986	636976	796605	797200	783646	797222	794079	795771	795379	41577	797120	244547	792744	738690	795960	795165	794573	797225	793345	791659	795102	525480	796391	727004	792077	794663	796933	795716	592372	796743	789581	795528	796259	796226	796786	796672	796948	795776	577923	687619	790268	695147	715849	790145	795981	540473	789452	763045	700747	785411	372244	741512	694956	766447	720334	772045	769552	2	2	364	332	314	362	2	2	310	887	783	3	2	34	902	311	303	306	3	18	71	891	27	3	319	879	310	888	336	52	875	0	823	27	2	24	0	3	362	3	2	882	0	3	873	872	871	3	3	0	884	893	310	1	0	662	103	0	899	40	26	0	1	0	3	0	39	903	868	2	184	0	3	308	0	370	1	0	902	286	864	0	0	3	304	315	0	868	1	366	369	2	365	907	3	890	3	296	699	308	3	0	2	2	3	139	898	264	555	0	0	882	150	0	876	2	3	178	334	585	902	904	301	3	901	870	0	25	1	187	2	0	0	0	899	2	354	814	861	4	311	732	873	281	0	0	6	314	797	890	0	305	0	887	896	0	524	3	2	723	1	3	3	1	3	0	2	1	2	0	0	274	0	809	761
NC_063238.1	14000001	791759	791253	791316	791389	780877	789236	790316	789178	788777	789590	789835	771098	786632	40092	160828	790690	789353	790235	790309	791006	35922	116480	790489	48727	790154	791205	790503	788929	790668	778735	784811	789886	466135	776588	99987	789789	42629	789866	790020	790263	790818	783412	789822	789356	790434	789568	790486	789334	773488	789036	72332	789435	791155	790199	788274	789952	741831	208630	785154	790586	67669	151565	789905	758756	785574	790945	49736	76262	790752	786024	789730	791201	46173	790269	790719	114523	791275	791573	790963	791100	725113	788665	91980	237274	790238	789440	791352	791193	789455	790929	791267	791397	791227	791144	791424	761501	791125	791223	784862	682176	784999	786449	791195	791227	788444	790633	403290	791103	644897	633369	515104	778314	790875	218757	213948	790628	711799	768638	212973	344992	624899	791028	791194	773700	791553	788240	790035	789402	47579	791387	241315	786606	737532	789846	789313	788629	791452	787481	785882	789444	518612	790880	724479	785506	789003	791298	789706	593488	791041	783446	790242	790556	790453	791156	790958	791345	789610	565881	671152	784408	678452	712378	783216	790182	520008	784617	753391	688593	778017	367195	729582	676821	759016	714815	761817	760899	74	76	583	532	647	575	77	638	642	709	638	75	0	45	732	640	570	642	0	13	52	724	17	0	666	701	561	728	586	602	640	21	631	29	1	24	1	75	650	76	1	713	0	74	701	727	711	69	72	1	714	735	585	1	0	551	89	1	735	36	55	401	0	67	74	1	29	739	708	1	583	0	74	573	1	663	1	583	611	451	697	1	0	74	0	584	0	691	1	586	588	77	585	724	59	716	75	592	550	620	0	0	1	0	75	220	735	384	414	2	298	727	101	1	714	3	423	30	186	469	659	611	591	76	606	711	70	25	1	149	448	0	569	70	731	1	554	595	702	41	646	594	704	696	76	0	4	585	673	717	73	576	74	728	721	400	410	0	74	576	1	658	634	39	450	0	59	1	0	0	0	502	0	629	630
NC_063238.1	15000001	805915	805320	805546	805079	803497	802862	804319	803599	803891	803964	803412	804705	803772	57375	320072	803622	805379	802617	804554	805386	105015	192666	803822	148387	804259	804008	804260	803483	804860	800497	802510	803888	798052	803062	160834	804224	70894	803959	804428	804202	803470	803145	803981	803616	804636	804009	804057	803199	801577	803414	176244	803594	805257	804053	805501	804292	802361	374736	803801	803261	175428	348215	804183	791806	802091	805053	111359	167669	805665	802890	804634	805119	111784	804651	804539	192444	804417	805447	803514	804999	799773	803064	171490	425950	804639	804358	805423	805273	802947	805046	804841	805192	805361	805025	805434	804415	805210	805197	798103	768621	803213	800402	805130	805375	803153	804785	579510	804456	747790	735124	683767	801324	804657	329316	379713	804529	773137	793165	378710	556493	720217	804484	805311	801694	805605	800968	804201	804128	106541	805615	404145	802201	789377	804065	803845	804225	805339	802205	797981	803671	646378	805047	785603	804650	803533	804644	803267	698394	804871	800898	802913	804527	804716	805178	805023	805314	804145	704540	769255	802857	781887	775598	794550	804450	701496	799536	794586	771127	800853	579752	788951	765114	798305	765225	796722	792215	379	381	826	799	709	811	369	539	730	359	377	378	0	181	380	378	2	377	2	37	53	360	54	2	725	356	725	545	730	730	351	357	335	49	1	20	2	381	743	380	2	537	1	376	3	524	537	370	360	42	525	550	731	380	0	527	154	4	3	70	106	538	351	364	378	59	65	380	542	379	749	1	375	4	55	761	2	357	586	713	534	56	0	375	0	3	0	350	0	818	828	379	817	357	381	357	380	346	2	705	3	2	381	1	382	485	548	712	6	262	797	2	141	5	531	1	308	1	453	453	4	599	706	496	606	373	378	48	382	223	324	1	352	369	549	1	773	334	524	290	374	319	1	521	382	0	7	748	365	540	373	733	379	545	360	534	435	1	373	521	1	537	534	317	336	2	337	2	213	0	1	3	1	522	488
NC_063238.1	16000001	775448	775133	775127	775035	769028	772995	774188	773416	773206	774059	774076	763507	772076	53767	237065	774444	774046	773469	774257	774908	65071	161999	774232	89317	773986	774474	774312	773160	774556	768024	769537	774032	600447	767987	136839	773991	62955	773976	773822	774393	774219	769365	773699	773489	774338	773786	774033	772731	767887	772974	110235	773422	774877	773883	773145	774093	741835	279050	771674	774185	106532	216938	773977	751973	771116	774818	72277	105193	775044	771245	773408	774951	66121	774301	774502	155087	774777	775263	769937	770558	728357	772247	117202	289289	774170	773865	775120	775091	773340	774870	774915	775220	775096	775012	775261	759153	774925	775003	769059	682270	769270	770121	774818	775053	772672	774569	433027	774657	647244	654305	533820	762123	774382	253907	250199	774070	706690	753656	255685	380799	626983	774927	770834	760974	775091	771725	773633	773197	61589	775147	279533	770610	739360	769468	773199	771420	774799	772252	768683	773172	539877	774584	721378	770481	772828	775146	769538	595224	774744	767027	773521	774533	773998	774877	774748	774945	773189	583804	671090	768753	679471	700832	764801	773721	559630	766404	739230	679705	762792	406328	720615	673291	746493	703632	749079	746568	3	3	334	351	601	333	3	595	621	606	6	3	0	113	4	0	3	0	0	0	0	613	29	0	622	618	607	617	325	315	606	29	585	0	3	0	0	568	322	3	4	612	0	3	0	605	605	10	3	2	608	614	613	3	0	479	145	18	1	41	0	599	13	2	11	21	39	5	602	3	631	0	3	6	0	330	0	43	3	313	598	0	0	13	3	3	0	586	0	332	336	3	335	629	28	616	576	0	3	569	2	2	3	0	3	168	615	278	5	340	318	7	107	11	598	23	536	9	192	424	3	8	564	628	802	4	580	33	3	131	572	0	43	3	622	7	314	571	580	19	17	517	0	578	3	4	6	617	6	604	3	604	3	617	617	602	338	24	541	492	14	612	596	2	560	0	3	0	1	0	26	1	6	541	538
NC_063238.1	17000001	811157	810688	810851	810811	805904	808817	809973	808822	808759	810365	809914	804468	807704	48715	228254	810342	810077	809203	809650	810628	51884	164497	810183	64861	809673	810531	809896	809192	810298	804746	805969	809674	688972	804865	126134	809391	54246	809790	809609	810125	810324	805964	809580	808963	810120	809250	810062	808791	802294	808459	90454	809160	810663	809682	809702	809777	786889	270682	806741	810300	91808	194183	809883	780281	805636	810275	60134	78596	810950	805644	809197	810560	53363	809767	809939	121133	810728	810981	810258	810551	778166	808267	112129	248607	809968	809373	810807	810819	809025	810520	810725	810949	810723	810737	810872	803176	810634	810518	803369	717676	806010	805691	810446	810684	808694	810069	435703	810536	683286	678713	558782	799710	810229	223321	234545	809935	740348	790421	233418	383903	657582	810643	810697	800351	810810	807303	809399	809181	53193	810757	254632	806602	767748	809261	808776	808085	810623	807476	802456	808620	547334	810322	757707	806956	808710	810717	809559	618617	810457	803840	809800	810098	809871	810593	810372	810771	809287	600811	719051	804983	724788	741297	802838	809376	582459	802214	782473	727049	800564	413978	760999	714376	786088	736184	786274	784306	4	4	3	2	461	3	4	462	472	472	401	390	1	80	4	4	1	3	404	0	0	476	20	403	578	467	463	476	3	3	470	4	440	36	4	0	1	567	4	403	1	467	0	401	1	471	466	3	393	20	567	580	469	404	0	412	104	388	0	34	57	469	336	4	405	12	24	407	553	4	470	0	399	2	19	409	409	0	2	5	472	19	0	399	1	244	1	463	400	3	3	4	4	480	398	473	572	364	1	547	379	1	4	381	399	0	583	1	3	283	2	401	79	1	556	1	411	84	181	365	0	2	546	581	458	402	456	29	404	112	448	0	0	4	578	2	3	416	463	224	4	401	1	450	4	0	5	465	367	473	4	457	4	476	479	472	72	1	448	479	1	559	562	246	438	1	256	370	159	0	1	3	0	495	496
NC_063238.1	18000001	788183	787736	787906	787811	779317	786001	787098	785771	784959	786722	786628	777263	783186	36211	167617	787508	786176	786622	786867	787662	29771	112778	787032	36508	786780	787584	787086	785717	787438	778489	780843	786975	600884	775276	97925	786455	37620	786558	786633	787082	787295	781585	786550	785937	787208	786102	787128	785806	770015	785734	60280	786387	787657	786815	786562	786746	751839	204000	781467	787282	55013	137500	786475	753427	782740	787343	44827	58627	788084	782484	786139	787705	41162	786699	787096	97347	787766	788037	787348	787816	730992	785206	87986	209954	786901	786115	787892	787830	786146	787479	787664	787869	787828	787655	788033	774250	787701	787675	781245	678483	781586	783733	787685	787888	785975	787256	386736	787552	635854	626555	509659	775374	787497	220630	201785	787032	705928	766038	190094	324458	614897	787924	787817	773362	787879	785001	786523	786068	37804	787887	224000	782881	730395	786269	786003	785215	787986	783490	782734	785809	511274	787243	720473	782485	785432	787699	786536	572348	787564	779686	786903	787037	786910	787630	787492	787748	786342	551770	666456	781094	679905	706183	781149	786568	514745	779707	749540	679804	776183	348394	719876	671826	752776	709323	760644	760683	3	0	5	0	146	4	2	764	154	780	539	588	0	48	3	2	1	2	626	0	0	781	18	618	573	771	154	789	5	4	770	10	682	47	3	3	0	591	4	628	1	765	0	624	1	779	763	3	611	30	587	606	153	632	0	606	106	590	0	30	57	771	512	3	613	8	23	633	592	3	155	2	614	1	43	630	633	0	631	0	749	36	0	611	0	791	1	762	623	5	4	3	5	794	559	785	602	576	2	537	593	0	7	595	623	8	593	6	1	417	4	618	84	2	589	2	671	127	51	383	1	633	528	598	737	616	761	17	630	110	743	0	0	3	602	3	5	716	759	13	1	627	0	750	3	0	3	156	586	781	2	153	2	778	791	780	2	0	739	476	1	573	587	338	726	0	0	567	222	0	0	2	3	518	497
NC_063238.1	19000001	804313	803847	804007	803933	801066	801602	803002	802221	802351	802599	802183	802559	801974	60633	276686	802367	803468	801738	803174	803792	75189	187217	803068	108891	802789	802773	803137	802054	803404	799645	800324	802718	782371	800716	140144	802641	66628	802553	802457	803102	802941	800712	802612	802118	803082	802403	802985	801813	799033	801500	130296	802436	803732	803009	803952	802908	797623	322759	801184	802452	132908	274145	803107	785053	799947	803470	91790	113712	804101	800317	802657	803599	69301	803077	803157	153861	803466	803901	802710	803867	796042	801352	136876	338762	803000	802572	803971	803851	802016	803655	803834	803978	803886	803824	804038	802106	803890	803791	797776	745492	800897	797989	803655	803661	802258	803241	504177	803175	717026	706047	622032	796860	803228	267933	290733	803167	754363	788326	310223	472915	684791	803332	804070	796597	803993	800616	802684	802125	69398	804054	326691	799977	776895	802582	802102	802530	803879	800134	795545	802157	596733	803337	769672	801799	801459	803512	803093	661041	803436	799461	801937	803109	803124	803544	803607	803879	802673	658911	743910	799377	757615	759223	795240	802743	650638	796513	788381	751396	797304	501709	772633	739780	790827	748905	790318	785277	5	16	22	18	2	21	2	190	30	218	441	442	1	2	15	1	12	1	446	7	1	212	16	436	466	191	2	191	13	21	180	31	185	58	2	0	16	603	2	448	23	204	0	463	5	187	185	25	443	39	573	608	2	451	21	179	60	448	19	16	35	187	420	2	458	1	60	447	489	2	25	3	442	25	62	450	448	0	190	1	184	55	0	472	17	191	0	187	439	1	26	2	1	211	458	189	584	417	0	436	442	23	24	431	464	30	615	24	1	156	0	435	135	21	584	33	181	147	1	470	2	220	452	609	200	460	200	44	447	187	175	0	26	2	619	28	13	188	201	19	29	191	0	172	2	1	2	19	417	203	23	2	19	189	216	187	1	28	210	554	18	573	592	318	174	30	14	416	250	27	23	22	23	536	519
NC_063238.1	20000001	824593	824251	824269	824194	821044	822248	823550	822301	822814	823430	823298	822687	822173	50134	249477	823528	823723	821896	823355	823962	77145	147372	823769	110625	823120	823710	823419	822541	823647	818446	821335	822924	819892	819654	112931	823068	57149	822823	822967	823491	823558	821481	822976	822123	823579	822902	823276	821882	819706	821831	142065	822509	824069	823061	824151	823085	820010	319102	821542	823171	139209	299424	823317	807250	820406	823885	95918	141205	824372	821097	823192	824082	88514	823454	823360	156235	823933	824337	823348	824196	816154	822062	129673	387521	823187	823317	824081	824247	822547	823984	824039	824322	824131	824164	824425	823242	824203	824117	816453	774474	821044	817869	823844	824009	822215	823580	562619	823640	753187	749565	673200	820012	823451	282492	337715	823426	781519	812517	361087	531108	727498	823927	824131	819726	824347	820425	822939	822832	88638	824298	370773	821381	804700	823094	822523	823073	824173	821347	814436	822393	642980	823808	798387	822823	822072	824029	823485	700242	823975	819805	823113	823499	823554	824006	823762	824298	823004	701991	779445	820931	788707	788881	811806	823048	690206	818324	812782	784059	818243	562790	804316	780275	814424	780512	812398	806465	4	0	3	0	2	3	3	2	2	2	628	636	3	0	4	147	140	146	653	0	1	2	0	644	652	2	2	2	3	3	138	4	1	51	3	1	0	638	3	649	1	2	0	640	0	2	2	4	628	43	625	649	2	654	0	2	47	640	0	1	2	2	589	4	651	12	66	649	613	4	2	2	646	141	74	656	651	0	0	5	2	51	0	640	0	145	0	3	640	3	3	4	3	2	639	2	643	566	1	628	585	0	4	617	644	2	648	5	1	1	3	647	140	2	629	0	1	239	86	510	1	0	626	649	1	645	2	47	649	227	2	0	0	4	649	4	3	125	2	4	141	2	0	2	4	0	0	2	612	2	3	2	4	158	2	2	0	1	2	603	1	629	635	493	2	0	0	618	370	2	0	137	0	621	589
NC_063238.1	21000001	824835	823780	824084	823970	820321	821277	823097	822051	822776	822060	821870	824106	823094	75683	348126	821275	824187	820409	823317	824106	135320	222078	822284	191857	823080	821855	823518	822266	823681	814709	822489	822878	823347	822246	169562	822809	90110	822833	822875	822955	821868	822507	822769	822637	823482	822651	823269	821866	818178	821818	217003	822561	824129	823025	823483	823220	822973	416807	822598	821096	195773	393845	823646	812122	821075	824064	127576	205391	824395	821551	823563	824176	142126	823654	823447	195951	822718	824401	821667	824051	822020	821671	212795	478091	823452	822747	823926	824115	822003	823966	823729	824093	823943	824102	824368	824130	824167	823903	814260	788786	822392	816003	824292	823332	821679	823607	623865	821981	774303	765347	714612	821485	823180	337109	421314	823240	792642	814445	438751	608965	749009	822706	824023	821861	824552	820160	823045	822704	138046	824487	444001	821278	808102	823180	822682	821239	823438	821145	811676	822337	683776	823735	808380	823430	821904	822870	823515	731001	823892	820462	820522	823112	823602	823978	823977	824333	823052	732647	796103	821866	804344	800332	808712	822800	738525	819326	815434	796957	820128	633146	807486	788838	817325	785281	817836	811580	390	0	390	0	3	389	376	129	3	330	363	357	0	86	389	592	487	582	752	30	54	331	36	735	750	320	370	0	4	4	449	386	317	59	379	34	0	672	3	359	0	129	0	355	0	130	323	369	353	53	674	691	383	354	0	129	236	734	0	27	54	322	320	381	359	50	47	362	709	383	700	0	49	497	55	363	752	0	127	383	125	69	0	50	0	464	0	324	748	387	390	389	388	329	362	326	690	634	0	736	669	0	391	706	356	274	686	361	0	267	383	354	169	4	672	3	300	140	390	572	0	128	732	692	119	348	125	77	362	280	314	1	1	382	684	393	373	406	128	6	582	310	0	124	390	0	4	381	347	128	381	688	389	685	328	126	0	0	127	657	0	664	670	301	314	0	1	711	220	0	1	563	3	671	618
NC_063238.1	22000001	825402	824891	825020	824899	821331	822581	824202	823172	823306	823812	823018	824249	822935	52995	285996	823218	824412	822157	823787	824811	88751	170186	824202	130188	823620	823486	824229	822893	824163	816994	821591	823613	823630	820500	135009	823385	60461	823800	823701	824048	823710	822940	823446	823155	824362	823478	823848	822962	820520	822395	152780	823176	824863	823875	824635	823766	822991	345522	822778	823196	145833	318665	823911	808227	821056	824656	98000	141337	825206	819760	824000	824825	92812	824332	823773	155086	824318	825161	823187	824778	819801	822944	150674	393027	824288	823549	824958	824936	823365	824919	824889	825122	824917	824886	825163	824627	824929	824844	817516	775785	822628	819257	824797	824916	822965	824449	566738	824045	752684	742533	667212	821028	824327	317680	351386	824256	783140	812851	369221	536310	725406	824185	825095	820093	825130	822065	823794	823519	103747	825063	378396	821836	800929	823939	823314	823185	824888	822355	816100	823217	641689	824321	797651	823468	823124	824332	823855	698393	824811	821279	822920	824340	824313	824709	824721	825015	823746	701894	779868	822150	788988	788296	811856	823850	696085	819449	811403	782101	819917	562157	800594	779466	814235	772377	815046	807890	480	0	480	0	6	474	462	524	6	475	38	40	0	88	481	9	467	10	448	33	50	474	54	436	450	466	472	0	3	4	517	463	452	7	469	22	0	506	472	39	0	520	0	40	0	519	467	461	38	10	502	512	473	39	0	520	139	427	0	58	92	468	35	466	40	1	5	40	431	471	447	0	0	477	6	40	449	0	533	454	518	4	0	0	0	531	0	461	445	479	480	477	475	475	40	474	511	416	0	435	415	0	485	417	40	250	512	390	0	355	461	38	111	2	501	1	444	14	3	399	0	537	428	512	502	40	515	53	40	181	458	0	1	468	513	482	466	462	511	4	9	435	0	504	482	0	5	479	35	522	481	439	479	514	478	525	0	0	518	474	0	502	504	30	454	0	0	418	18	3	1	9	3	485	461
NC_063238.1	23000001	818974	818322	818524	818663	812419	816427	817670	816798	816593	817324	817396	818086	815737	64289	326601	817273	817880	814823	817641	818538	121280	201822	817930	159333	817461	817594	817748	816809	818073	811517	816179	817192	817396	813400	167015	817269	88961	817258	817355	817814	817805	816391	817151	817116	817932	816859	817537	816010	808375	816218	167330	817063	818426	817475	817591	817405	816196	388473	814372	816957	177054	292124	817485	795703	814785	818254	113793	154309	818613	811972	817524	818392	108931	817768	817568	177534	818168	818619	817423	818463	813994	816193	178192	353600	817959	817121	818603	818293	816495	818383	818448	818644	818477	818355	818674	818328	818463	818451	809913	744254	815270	813065	818578	818572	816617	818123	517843	817992	724745	714403	625069	812284	818018	259954	308414	817799	765904	803863	317758	480575	696770	818087	818756	810009	818809	815425	817245	817129	97232	818612	343978	814830	782805	817466	816512	816891	818549	815527	806673	816794	604004	818065	777074	815953	816354	818282	817703	667889	818264	813280	816804	817834	818044	818341	818130	818600	817468	659694	749986	814231	757679	767191	807013	817523	640761	811169	796435	755571	811657	495415	783046	748037	802118	764350	803014	797972	439	7	443	12	2	437	417	397	14	144	389	376	0	98	434	1	422	1	290	37	58	133	26	284	301	130	413	0	14	13	399	445	131	59	430	26	5	366	421	393	13	402	0	393	6	399	128	411	389	42	377	375	426	390	12	391	115	301	10	43	77	130	354	416	400	2	47	391	290	422	298	6	0	428	56	395	290	1	304	408	388	53	0	3	12	404	0	128	289	432	439	431	432	139	405	130	366	260	0	285	271	5	449	275	395	221	372	348	0	124	425	381	60	13	360	3	130	127	0	289	0	414	284	379	379	393	403	36	391	109	119	1	10	422	371	443	425	344	409	8	6	133	0	384	434	0	1	440	369	407	430	286	446	366	144	398	0	6	393	335	9	367	367	285	126	9	1	272	203	12	5	13	4	334	325
NC_063238.1	24000001	820536	820095	820145	820220	815176	817776	819178	817944	818646	818413	818036	813187	817812	56258	305420	818265	819273	817093	819051	820016	136753	185999	819042	173422	819026	818212	819259	818303	819257	813492	817104	818839	755876	814082	147013	818628	64864	818692	818921	819148	818532	816216	818939	818264	819492	818457	819107	817894	813125	817610	203228	818434	819990	819097	817795	819142	810420	362945	816961	817834	192644	344965	819154	801849	816666	819813	127639	203452	819738	816219	819127	820040	138192	819433	819162	207799	818838	820286	817795	820008	796376	817745	194468	423202	819480	818777	820171	820106	818163	819991	820010	820212	820051	819895	820257	813395	819970	820076	812091	759146	816841	813759	820031	819737	817982	819439	562620	818644	733328	727519	646819	813791	819048	327363	364947	819047	769271	805646	388225	522210	706549	818767	819842	812214	820303	816357	819126	818542	131964	820275	408065	816355	793062	818939	818487	817416	819572	817170	809720	818136	636664	819589	786744	817209	818021	819226	819099	688702	819766	814202	817565	819372	819544	819830	819782	820100	818979	684186	755650	815866	764553	773634	806411	818956	673030	813715	800815	764579	812415	549127	788596	755295	804774	768279	804554	799172	306	0	311	0	0	299	303	651	0	734	456	449	0	106	305	1	300	1	525	65	72	744	70	518	522	734	300	0	1	2	652	289	713	73	300	20	0	711	304	454	1	646	0	455	2	644	714	302	444	94	636	725	307	450	0	617	214	513	1	74	153	735	423	300	457	0	84	458	510	301	528	3	0	306	98	459	526	1	743	293	642	84	2	0	0	665	0	721	523	308	310	310	309	744	449	736	725	479	0	514	488	0	310	504	454	196	726	261	0	540	301	448	188	3	704	4	670	221	2	559	0	662	512	725	625	447	632	85	457	297	700	1	0	304	724	308	299	571	628	3	0	681	0	627	308	0	2	305	425	650	304	512	306	724	741	643	0	3	642	656	2	689	692	381	708	1	1	496	293	4	2	2	0	667	645
NC_063238.1	25000001	817270	816946	816812	816982	807238	814870	816131	814959	814791	815342	815429	798608	813622	46078	200406	816290	815311	815589	816056	816783	40751	135128	815914	61776	815916	816514	816184	815364	816200	806105	810050	816128	593755	804099	105747	815593	51881	815561	815721	816168	816225	810006	815770	815074	816241	815406	816031	814480	807989	814607	88671	815278	816719	815811	814439	815789	777243	239266	811484	815943	82376	196369	815657	787163	812396	816492	60956	87002	816555	813284	815131	816833	59270	816044	816268	125828	816904	817167	816222	816892	744938	814296	99002	282598	815878	815196	816925	816902	815417	816769	816817	817038	816841	816859	816958	798621	816878	816884	808738	718956	811842	811380	816790	816899	814541	816153	447215	816472	687425	681369	560781	805655	816431	241211	234911	816161	744961	791932	255650	394968	657599	816632	816992	804393	817032	813482	815525	814793	54225	816968	270218	812912	775005	815536	814931	814989	816900	812751	810437	815118	558694	816465	760488	811864	814281	816816	815535	625475	816605	808596	815678	816132	816124	816576	816606	816774	815430	613904	714264	810956	724230	750030	809490	815721	587710	807786	784308	726722	804552	425739	765603	713961	791836	749056	789751	790610	440	0	443	0	2	439	430	553	2	608	391	422	0	64	442	2	438	1	2	19	31	605	18	2	2	600	428	0	5	7	567	233	541	30	432	20	4	559	432	438	0	567	0	434	0	572	594	407	421	29	555	578	439	441	1	428	75	2	0	28	74	592	360	425	437	0	31	443	2	428	2	2	0	436	33	441	2	0	607	310	560	27	0	0	0	579	0	593	2	441	448	441	442	619	389	608	576	2	0	1	2	0	443	2	436	196	571	327	0	347	417	429	93	4	556	0	522	106	2	376	0	579	2	572	539	429	559	27	438	138	557	0	0	432	576	443	432	511	549	2	5	493	0	537	442	1	0	441	396	569	435	2	441	571	607	562	0	0	556	458	1	557	550	272	547	4	0	2	187	0	0	1	0	503	482
NC_063238.1	26000001	801495	801032	800792	801088	794167	799262	800233	799051	799126	799504	799280	795790	798037	43767	212335	799903	800079	799414	800273	801022	50629	128339	799807	77056	800129	800530	800173	799246	800625	794392	796223	800037	727880	792222	96975	799879	39660	799435	800069	800436	800083	796265	799553	799399	800283	799456	800341	798814	790656	798589	98288	799882	800947	800021	800292	799860	782834	265867	797099	799508	98010	216535	800118	775536	796793	800532	68361	88672	801367	797008	799726	800865	55307	800381	800332	125488	800622	801275	800011	801035	769017	799023	101586	287456	800221	800021	801075	800907	799176	800602	800919	801139	800945	801088	801259	795907	801080	800984	794701	724582	796922	795996	800836	801060	799105	800487	459073	800551	689876	686699	579464	792752	800683	223226	258028	800493	740669	783000	267725	417038	663313	800398	801056	792557	801055	797789	799707	799399	62189	801217	282447	797173	769126	799904	799207	798832	801079	798074	794406	799043	567018	800521	758217	798284	799016	800614	799942	636698	800748	794547	799477	800522	800156	800815	800692	801071	799927	629648	724457	796121	738173	746781	793884	799609	605155	793806	776772	728083	791214	445867	761043	718630	782374	733179	780477	777513	276	2	276	3	4	276	267	398	7	350	263	272	0	44	278	3	272	1	3	10	29	347	17	3	8	335	267	2	6	7	406	214	312	20	272	13	1	412	270	278	1	402	0	281	5	407	329	265	271	26	404	418	271	280	3	346	68	5	3	22	67	337	243	261	281	0	21	278	3	268	7	0	0	279	32	279	4	2	346	235	395	21	1	3	3	416	0	333	3	268	279	275	276	350	268	346	409	2	0	5	8	1	282	2	281	147	418	229	1	203	269	274	71	7	405	5	304	84	1	293	0	417	10	418	379	277	401	17	276	111	331	0	3	270	416	282	262	378	395	11	6	291	0	394	278	2	3	281	258	417	279	5	279	406	352	403	0	6	400	345	7	396	408	191	323	4	3	4	135	4	3	3	5	367	355
NC_063238.1	27000001	768820	768439	768276	768354	766283	766580	767728	766649	767285	767412	767039	766296	767453	67000	317350	767644	768383	766639	767629	768293	92336	194467	767474	126147	767439	767648	767678	766758	767782	764458	764161	767547	704976	766081	173324	767331	80937	767124	767181	767620	767657	764841	767107	766722	767805	766796	767439	766297	765029	766270	148231	767011	768226	767428	768172	767192	759083	348004	767289	767320	165020	276077	767387	750249	764953	767925	110675	136304	768623	764502	767092	768238	95757	767750	767660	196613	768018	768628	767576	768329	755330	766508	159290	339821	767634	767182	768481	768287	766549	768295	768397	768462	768461	768462	768500	763927	768366	768340	762456	689168	763079	763643	768264	768206	766257	767750	460524	767549	655346	666267	564453	756182	767589	280019	278666	767503	709224	749642	296788	420430	640445	767986	768339	757938	768478	765287	767127	766960	84844	768469	312276	764607	738623	766916	766412	765587	768027	765151	761947	766565	558721	767650	725970	764225	766186	768004	767417	614148	768009	760474	766810	767769	767525	768142	768059	768390	767344	611458	685311	763299	698255	713104	757247	766638	592295	761049	740458	692976	758760	452549	721811	683121	747378	721055	747472	744865	429	5	429	14	1	420	403	399	12	436	408	416	1	125	415	1	415	0	3	51	75	438	36	3	14	426	410	0	11	18	393	373	420	76	411	38	0	404	412	422	10	392	2	418	2	390	414	423	415	51	394	410	414	424	2	371	124	11	1	56	78	418	380	405	433	0	71	425	12	408	14	8	2	414	79	423	3	0	421	386	391	61	0	11	10	405	0	409	3	414	424	422	416	428	417	424	405	3	2	4	18	12	427	3	419	217	412	346	0	275	397	404	96	21	392	16	378	152	1	315	0	421	6	420	396	417	395	37	420	136	403	2	4	405	412	428	403	379	387	25	12	384	0	382	418	0	0	422	391	404	423	4	426	404	433	393	0	20	409	359	9	403	405	286	390	3	15	4	207	10	13	9	13	372	357
NC_063238.1	28000001	735696	735224	734822	735304	727752	733711	734371	733488	733072	734685	734021	698774	732815	38863	176500	735211	734202	734441	734562	735101	38603	117661	734236	42246	734504	735503	734652	733653	734547	724835	728067	734437	284068	727231	97618	734026	46743	733241	734135	734686	735128	725974	733909	733710	734561	733088	734597	733147	727643	733301	69947	734021	735206	734411	726426	733679	663334	205316	731676	734734	60262	136554	734354	703711	729743	734881	44387	73192	729533	728238	733077	735184	44226	734351	734324	140407	735581	735637	735108	735387	637049	733124	91004	210756	734027	733383	735338	734872	733595	735054	735355	735457	735345	735175	735475	663880	735182	735276	730375	580984	726032	731607	735041	735386	733176	734608	321639	735273	539142	557385	401333	711086	734798	210336	168168	734637	629889	701170	171829	243531	537865	735025	735426	705213	735345	732469	733902	733178	48976	735378	198196	730707	675628	733553	733398	729692	735139	730370	730675	732707	445564	734749	635937	725931	733080	735549	733312	500280	734709	723563	734622	734442	734011	735022	734979	735183	733864	478138	555013	721832	552402	622420	726274	733912	415951	723993	674159	579305	712700	267365	642892	567814	679731	652900	686991	695186	496	0	491	6	0	494	487	632	1	537	406	480	2	71	496	0	488	0	0	16	35	539	27	0	0	532	473	0	4	7	647	113	489	32	488	11	0	647	492	491	2	642	1	496	1	642	533	457	479	13	637	660	486	489	1	452	116	2	1	32	72	540	405	469	489	0	27	489	0	483	1	2	0	487	52	499	0	0	546	305	632	30	1	5	0	663	0	530	0	496	499	497	485	550	373	543	656	0	4	0	6	0	503	0	496	169	666	303	0	260	464	485	140	14	646	12	458	95	0	408	0	672	1	655	615	490	643	43	491	148	508	0	1	483	671	500	482	613	629	19	11	399	0	608	497	1	3	496	454	652	486	0	490	652	550	639	0	6	615	438	4	632	639	222	493	2	8	0	132	2	10	11	3	544	559
NC_063238.1	29000001	757414	756969	756864	756992	750400	755370	756297	754896	755227	756649	755651	742332	754370	44834	198448	756816	756056	755976	756237	756901	42844	134517	756362	55707	756249	757027	756280	755223	756153	745788	750975	756299	440689	748555	113174	755899	51846	755526	755941	756136	756892	749100	755760	755546	756330	755349	756233	755161	749731	754855	81970	755898	756894	756077	753551	755823	709678	231341	752860	756501	75270	162819	756113	727283	752514	756406	55254	83535	756562	751413	755216	756796	52310	756248	756251	138652	757276	757325	756626	757035	702395	754697	104309	233741	756052	755547	757075	756864	755608	756754	756964	757069	757005	757058	757127	725327	757001	756860	751730	628182	749549	752451	756752	757182	754986	756362	373524	756785	582084	596761	457710	739284	756545	218181	201480	756214	667098	729465	208482	302003	580809	757086	756922	736516	756946	753889	755703	755467	53601	757092	231376	753012	707761	755325	755266	752873	756829	752863	751862	754437	484832	756025	676537	749633	754642	757203	755625	552674	756497	747887	756097	756323	756060	756744	756796	756928	755714	523201	617532	746125	610656	661969	748946	755383	483075	748158	706087	625431	739114	332072	675215	613978	716230	684584	716432	720191	774	1	773	1	4	760	750	583	5	876	680	750	0	103	773	4	764	2	2	28	77	887	18	2	4	882	742	0	4	3	590	286	822	65	759	31	0	586	759	771	0	584	0	771	0	587	860	714	732	42	586	601	767	776	0	412	101	2	0	35	62	883	651	732	759	0	53	779	0	752	3	0	0	757	86	779	2	1	891	579	571	49	1	1	1	598	0	873	2	770	777	771	759	900	632	882	593	0	2	3	3	0	781	1	760	300	598	508	1	444	725	759	96	3	576	2	747	173	1	354	0	602	2	599	571	754	576	33	771	145	831	0	0	745	595	778	742	551	573	6	4	680	0	563	777	0	5	765	697	591	757	2	767	592	890	586	2	3	567	424	1	578	576	404	816	2	0	2	282	0	3	2	1	498	511
NC_063238.1	30000001	803573	803086	803235	803187	798393	801155	802127	801335	801688	802766	802311	801303	801591	54259	279087	802514	802604	801121	802175	803028	89198	168660	802690	137945	802220	802734	802409	801214	802591	796454	798811	802059	782748	796707	138648	802021	65736	801603	801884	802376	802368	800039	801839	801357	802391	801392	801929	800818	799220	800766	154438	801628	803010	802241	802959	801718	797573	352835	801108	802441	157816	306502	802107	787129	799875	802692	106830	138979	803323	800580	802274	802920	87701	802383	802291	187159	803051	803270	802751	803048	790626	800866	148500	378286	802454	801774	803137	803188	801393	802973	803054	803359	803078	803034	803244	800775	803040	803103	795498	749223	800875	797959	802941	803102	801136	802626	533142	802906	731240	723393	651992	798494	802592	288322	320146	802315	759229	790050	332523	506262	694017	803002	803069	798264	803208	800035	801934	801796	87042	803278	349144	800004	781569	801873	801307	801199	803235	799889	796295	801462	616158	802646	773674	801322	801036	803164	802299	669327	802805	798802	802192	802358	802458	802877	802904	803189	801896	679268	752645	799569	766085	762210	793045	802177	668387	797872	788745	757040	797737	530384	777818	750840	792299	760596	791807	786702	226	2	231	0	1	231	218	136	1	344	220	227	1	38	229	1	224	0	1	12	18	336	21	1	4	338	225	0	3	6	139	175	317	18	226	8	1	141	226	229	0	137	0	228	5	138	332	214	225	18	134	141	229	231	1	135	42	3	2	23	35	335	198	214	229	0	19	231	2	222	5	0	1	226	24	231	1	0	337	199	136	17	0	1	0	140	0	333	1	229	233	226	229	342	217	339	140	1	0	2	1	2	233	0	231	112	145	181	0	250	219	227	44	2	134	2	296	72	2	124	0	147	3	140	132	225	133	21	228	65	322	0	0	223	137	235	221	122	135	4	15	297	0	135	229	0	1	227	215	140	225	3	229	139	342	134	0	2	134	139	1	137	144	153	322	4	1	1	117	0	3	7	1	127	127
NC_063238.1	31000001	821338	820720	820805	820969	818854	818646	819906	819061	819745	819518	818922	820269	819970	58353	339709	818999	820877	817994	820109	820881	116192	208825	820032	167912	819707	819238	819992	819057	820160	817230	817950	819833	818996	818600	176916	819824	76950	819504	819668	820045	819385	818878	819302	819164	820011	819258	819929	818408	817189	818633	195739	819247	820548	819852	820904	819616	819379	404618	819417	818960	195761	381791	820015	810388	818081	820657	123787	201818	821101	818906	820243	820845	126658	820229	820173	222211	820432	821055	818660	820800	816732	818835	196081	466599	819991	820012	820892	820780	819265	820604	820785	820901	820821	820706	820840	820356	820879	820715	813478	789954	819348	815573	820648	820383	818994	820391	616866	819567	772169	766951	716766	818538	820213	342434	413361	820358	791084	810583	424808	602576	748580	819969	820907	818162	820947	817650	819644	819296	125200	821036	436755	817981	807170	819702	819347	819792	820633	818417	810864	819222	677773	820498	805283	820109	819252	820318	819904	725149	820623	817484	818854	820114	820416	820753	820640	820891	819940	738952	791226	818437	801350	797071	809092	819847	736116	816682	812710	793615	816715	630399	806601	791705	814132	790112	815104	809752	29	11	34	11	1	33	24	491	3	507	30	31	1	8	38	1	30	3	3	4	3	506	55	3	9	491	27	0	14	8	491	48	485	7	30	6	12	502	29	29	12	498	2	43	2	486	483	42	38	5	487	503	27	20	3	487	147	14	6	79	128	486	35	28	43	0	4	31	17	30	2	0	0	41	8	30	3	0	495	29	483	4	0	11	0	499	0	476	3	29	37	30	29	506	44	491	489	4	0	2	11	13	39	3	42	21	509	35	0	415	24	31	124	13	477	10	439	13	4	409	0	501	15	509	471	37	491	65	19	236	463	0	9	29	504	41	29	436	481	16	9	468	0	471	30	0	1	45	24	500	37	2	27	487	502	478	0	2	486	483	12	499	496	26	470	13	9	3	23	13	11	13	7	466	454
NC_063238.1	32000001	820424	819992	820126	820038	814952	818286	819269	818270	818549	819225	819545	819111	818136	40981	261779	819691	819516	817663	819365	820139	77792	149744	819618	117581	819067	819902	819363	818330	819557	814440	816459	819176	817407	814558	122476	818718	50665	818801	819046	819215	819765	817823	818992	818517	819437	818645	819113	817780	815408	817740	140931	818646	819857	818919	820165	818842	817716	328416	817713	819662	149321	325189	819187	805103	817168	819740	92570	144788	820267	818001	819179	820048	87205	819587	819514	159746	820033	820236	819786	820042	814187	817969	135661	408726	819208	819262	820202	820091	818681	820092	820001	820192	820140	819979	820164	819472	820073	820102	811802	781116	817929	814607	820060	820210	818420	819586	589455	819857	763319	755844	689922	815914	819629	271122	367209	819389	786718	809976	378485	561541	730527	820012	820129	816722	820188	817328	819079	818618	92655	820156	399808	817246	802849	819095	818327	819226	820156	817635	811949	818595	654388	819653	799716	819306	818264	820131	819441	711979	819772	816965	819268	819257	819570	819798	819795	820091	818855	724737	785982	817183	795721	789958	807205	819068	716015	815609	812468	787107	815938	590538	803498	782749	811619	780615	812499	806869	160	0	160	2	2	155	151	224	3	376	158	152	0	21	161	2	151	1	2	5	14	375	13	2	3	365	157	0	16	17	221	157	342	7	159	1	1	226	159	160	1	227	0	158	2	227	370	152	154	6	227	227	156	1	0	219	78	3	0	23	51	363	150	157	157	0	20	159	2	155	4	0	1	159	10	161	2	0	373	147	218	13	0	2	0	228	0	367	1	156	156	157	157	380	157	376	225	0	4	1	7	3	161	1	159	92	227	133	0	279	155	154	47	3	221	0	337	51	2	317	0	228	4	227	220	157	225	22	0	130	352	0	1	157	231	164	152	205	225	9	3	336	0	222	161	0	1	162	156	229	158	1	160	372	376	221	0	1	225	208	1	223	221	123	356	0	0	2	87	0	1	2	2	214	212
NC_063238.1	33000001	838521	837820	837637	838034	834994	835690	837104	836191	836880	837417	837270	837788	836680	60022	338531	836651	838045	834245	837236	838007	124100	195305	837639	171241	836487	837145	837097	836109	837528	835153	836639	836786	837765	835140	153829	836780	64859	836293	836717	836944	836936	835950	836641	836094	837308	836161	837107	835671	835257	835618	206210	836341	837961	836954	836470	836336	837162	394297	836591	836399	188504	422571	837229	828449	835796	837677	113300	209192	838058	836156	837348	837905	140641	837511	837477	181382	837743	838094	837070	837776	836332	835819	196397	504753	837402	837153	838054	837688	836050	837979	837559	837983	837946	837636	838128	837847	838019	837770	828463	812264	836803	830969	838065	837541	835937	837496	666887	837365	803049	794896	753842	836291	837152	331874	447337	837121	814190	830696	480286	654689	776335	837396	838112	836275	838237	834375	837034	836887	141544	837960	490332	835548	827059	837241	836388	836519	837815	835603	824216	836628	716504	837891	826125	837772	836147	837754	837434	760357	837746	834684	836576	837230	837505	837822	837697	838048	836883	771441	819438	836237	824672	820280	821700	836574	775074	833227	833608	818233	835043	677580	826811	813848	833556	808291	832572	826883	639	0	615	0	0	610	629	0	1	643	644	633	0	152	642	0	612	0	2	46	94	644	1	2	3	633	617	0	154	153	0	646	629	72	632	33	0	2	630	643	0	0	0	638	0	0	619	623	621	84	0	3	638	0	0	0	214	3	0	0	0	633	615	623	634	0	94	645	2	631	3	0	0	629	87	648	2	0	639	630	0	73	1	1	0	0	0	626	2	612	617	641	613	642	641	638	2	2	1	2	3	0	644	2	635	374	3	538	0	500	603	623	2	0	2	2	596	283	0	520	0	0	2	3	142	630	0	0	0	266	598	0	0	636	3	641	589	0	1	5	0	598	1	0	645	0	0	635	606	1	636	1	643	636	636	0	0	0	0	3	1	3	2	528	604	0	1	2	414	0	1	0	0	3	2
NC_063238.1	34000001	809175	808379	808559	808476	804521	806547	807432	806915	807644	808240	807913	807814	806662	42850	260300	808113	808443	805876	807971	808856	72213	147043	808233	109189	807815	808441	808038	806997	808411	804114	805081	808012	806516	804483	121619	807510	46553	807364	807691	808024	808363	806687	807341	807000	808081	806982	808116	806830	804438	806521	135580	807136	808673	807866	808530	807442	807296	302763	806249	807683	124923	320621	807924	795923	805556	808466	79377	149272	808906	806631	807841	808552	88239	808349	807984	133957	808568	808920	808544	808611	803762	806962	145155	397969	807904	807841	808910	808674	807349	808786	808617	808647	808756	808600	808727	807760	808803	808818	800318	776565	807220	804025	808578	808700	807221	808017	582178	808444	760325	744697	702616	806205	808312	330137	387166	808234	774503	799332	381429	574018	730065	808617	808887	805678	808825	805395	807367	807007	91704	808760	400760	806369	793966	807681	807234	808351	808824	805675	799767	807065	654140	808261	792257	808027	807071	808920	808274	706320	808431	805464	807450	807721	808189	808567	808390	808731	807569	714176	780922	806619	790665	784022	795261	807370	718117	805018	799892	778619	804993	589656	793424	775725	802677	767426	801749	797301	488	6	666	12	3	664	469	1	10	488	482	474	0	104	489	3	480	1	1	41	46	493	0	1	9	483	470	0	394	402	1	494	471	48	483	21	7	8	476	483	8	7	0	489	2	2	475	477	483	55	2	6	480	0	4	2	138	7	2	2	5	476	441	462	490	0	60	487	4	478	6	6	1	474	53	489	1	0	479	464	2	55	0	4	10	1	0	475	1	660	674	485	664	492	490	486	1	0	0	2	10	9	499	2	487	436	9	590	0	395	655	480	6	15	1	16	466	177	1	416	0	14	7	16	372	484	11	3	1	202	467	0	7	481	12	497	649	17	7	12	17	463	1	2	488	0	3	487	465	3	482	2	485	486	503	2	2	5	8	10	5	4	11	395	456	4	7	1	310	6	9	6	4	1	3
NC_063238.1	35000001	835977	835582	835675	835498	828298	833375	834676	833697	833825	835125	835398	834554	832988	36559	198854	835237	834906	832752	834902	835591	81332	111455	835365	116302	834380	835563	834858	833668	835086	828129	832370	834517	832744	829363	64317	834395	28856	834111	834641	834810	835216	833484	834282	833772	834954	834113	834550	833371	827998	833124	155930	834152	835507	834491	835411	834452	833636	265554	832459	835315	124981	357274	834697	820496	832705	835380	82924	182339	835732	833586	834865	835562	112186	835223	834991	126822	835757	835659	835528	835531	829409	833464	154666	449004	834765	834629	835670	835524	833992	835440	835385	835648	835468	835457	835736	835027	835597	835553	828208	808697	833992	829513	835526	835744	833732	835083	632949	835549	794993	780443	739118	832930	835045	304851	433831	834887	807593	827206	436769	632624	766177	835568	835662	833068	835756	832647	834483	834437	119209	835630	449093	833160	822458	834564	834064	834875	835709	833042	825172	834365	694563	835332	820185	834990	834061	835724	834958	747193	835405	833088	834781	834968	835068	835356	835301	835626	834511	751612	813103	833653	820470	814933	821183	834661	759218	831400	830525	813034	832789	647924	823957	810632	830449	796107	830200	824384	398	0	569	0	3	561	384	3	3	396	385	381	0	28	394	3	380	2	2	3	21	398	0	2	1	392	386	0	448	449	1	375	358	11	390	7	0	1	394	396	1	3	0	393	0	3	386	362	382	16	3	1	388	1	0	3	27	1	0	0	1	392	328	383	395	0	24	395	0	382	1	0	0	389	19	396	2	0	395	361	2	17	0	0	0	1	0	389	4	573	569	395	565	398	385	394	1	0	0	1	7	0	400	2	393	341	1	487	1	299	566	393	0	2	1	1	357	116	1	308	0	6	1	1	431	391	2	0	0	121	381	2	0	393	4	397	553	4	3	3	3	368	0	3	398	0	2	398	373	3	396	1	394	393	397	3	0	3	3	1	0	2	2	299	374	0	0	2	223	0	0	2	0	1	1
NC_063238.1	36000001	808072	807418	807373	807487	804948	805731	806510	805895	806292	807471	806744	806613	806092	45222	257531	807234	807317	805229	806894	807653	65554	152068	807369	102788	806615	807472	806869	805917	807226	804700	803771	806660	803220	804031	119023	806379	49478	806167	806426	806906	807405	805233	806165	805920	806946	806027	806782	805672	804618	805517	131220	806389	807474	806632	807454	806153	804160	306103	805423	807045	120222	306944	806804	791732	804226	807184	80113	125742	807844	804267	806752	807436	80036	806988	806602	130582	807766	807828	807545	807553	800082	805407	136587	376745	806891	806612	807695	807474	805949	807568	807489	807620	807625	807420	807753	806441	807595	807575	800560	756699	805016	801599	807465	807597	805901	807098	549323	807482	730605	733710	650469	801719	806839	274687	345201	806718	763992	794084	352311	521698	706200	807477	807434	802102	807764	803881	806066	806286	85995	807614	370752	804717	789521	806551	806110	805926	807425	804395	797918	805490	626402	807170	781376	805639	805768	807606	807004	686367	807357	802902	806765	806890	807084	807438	807440	807703	806371	687440	760177	803896	769357	769916	797334	806285	670806	801722	793696	762481	801095	557316	784113	754573	796690	761117	794750	789025	756	0	711	2	1	706	744	6	9	763	758	757	0	129	773	2	752	25	6	21	65	772	0	6	6	759	739	0	441	440	24	754	737	38	748	22	7	8	752	769	0	5	0	764	7	4	749	738	754	61	4	15	752	0	6	4	141	15	2	0	7	756	683	738	766	2	69	772	28	755	14	0	0	765	69	774	6	0	766	700	10	65	6	0	0	27	0	746	8	704	712	768	703	775	764	768	8	25	1	5	12	17	773	6	767	425	9	605	4	549	687	756	9	5	8	9	687	252	17	605	0	6	11	16	439	747	9	2	0	264	717	0	2	740	16	774	686	38	6	12	29	716	0	3	770	0	0	765	724	4	753	5	763	764	776	4	0	3	12	7	0	17	14	577	712	5	3	9	424	0	10	29	10	6	8
NC_063238.1	37000001	815140	814662	814636	814615	810867	812670	813784	812877	813290	813844	814206	814354	812982	41471	225677	814430	814413	811628	813807	814762	74978	138768	814609	121144	813666	814625	813952	812842	814284	810732	812648	813650	813626	810788	104905	813545	40035	813216	813791	813788	814524	812784	813504	813132	813923	813070	813895	812288	810223	812662	157307	813353	814644	813594	814305	813337	813258	304748	812366	814092	133171	357942	813974	803628	812155	814318	78850	158446	814804	812734	813949	814572	91403	814263	814011	127621	814824	814785	814675	814711	811698	812603	148448	451207	813896	813588	814759	814544	813154	814695	814345	814548	814630	814575	814893	814449	814747	814706	806834	787740	812753	809738	814600	814879	813017	814168	629601	814470	773084	764454	722707	812205	814226	314445	410794	814210	786723	806783	432547	617105	744834	814684	814767	812078	814766	811795	813720	813181	104120	814755	444374	812327	803551	813972	813091	813916	814636	811758	803273	813178	680638	814204	798449	813945	813150	814986	814191	725104	814286	812109	813947	814130	814296	814463	814405	814558	813907	740966	792827	812347	799844	794811	801345	813681	740179	810192	807073	790393	810619	637550	802441	786657	808814	779171	808282	804516	690	1	23	3	521	22	682	1	542	691	686	677	0	70	697	539	216	760	1	29	64	697	0	1	544	684	434	0	682	691	750	690	670	59	678	17	5	3	684	691	1	2	0	694	4	1	677	665	679	77	1	4	440	0	5	1	158	2	4	0	89	685	639	666	701	17	76	698	751	690	535	0	0	220	52	699	1	1	691	666	1	60	0	0	1	771	0	677	1	18	23	692	19	701	693	692	0	702	0	524	6	0	704	1	687	19	4	19	258	561	21	682	2	2	0	6	631	331	125	598	0	543	530	3	669	680	4	0	2	306	653	0	4	686	5	695	25	664	5	0	758	651	2	1	698	0	0	451	657	1	690	525	695	686	697	1	2	1	4	0	0	1	4	579	655	3	4	0	466	7	0	740	3	0	1
NC_063238.1	38000001	783040	782591	782395	782418	779312	780480	781408	780554	781133	781881	782088	781124	780365	52583	276702	782117	782216	780271	781739	782517	71075	169602	782263	111875	781375	782267	781879	780727	782073	779257	779287	781580	775903	779019	130705	781224	52548	780991	781599	781505	782345	780080	781305	780438	781959	780862	781675	780373	777431	780130	135461	781145	782428	781339	782261	781228	778282	310086	780659	781763	128663	283387	781778	766731	778981	782286	85350	123752	782796	779421	781694	782338	70456	781830	781820	152111	782543	782683	782441	782471	772706	780568	134851	365651	781639	781457	782692	782285	781084	782497	782300	782528	782472	782241	782727	781045	782552	782470	776469	733192	780111	778467	782492	782414	780633	781859	525521	782339	713969	705972	641486	777554	782022	288094	324453	781737	741772	769846	326987	507093	685693	782355	782614	778217	782621	779522	781479	781127	75276	782515	348508	779787	760183	781738	781014	781339	782439	779300	775332	781062	605099	782213	755838	780717	780907	782672	781893	663167	782114	778699	781511	781841	781693	782374	782264	782578	781390	664534	739104	779293	747159	745206	772116	781144	658533	776962	770168	736668	776868	527431	759233	734862	772748	739246	773342	768433	791	1	6	3	203	2	770	1	212	795	772	780	6	153	800	211	763	12	0	46	84	798	0	0	211	785	733	0	769	755	13	734	753	70	778	28	2	0	783	784	6	5	0	780	1	2	768	758	768	69	1	1	736	1	2	1	193	6	4	0	5	775	696	757	787	8	76	302	12	773	211	1	0	777	94	794	0	0	784	716	1	75	3	0	2	14	1	774	0	3	6	790	2	797	778	788	1	11	3	201	6	6	799	3	775	10	4	8	603	609	2	773	2	3	1	6	727	267	115	627	1	212	207	4	755	782	1	2	1	285	752	0	3	772	4	796	3	17	6	6	16	721	1	0	797	1	1	757	749	2	779	204	790	783	797	1	1	2	3	4	6	1	7	600	747	5	5	0	451	6	4	14	1	1	2
NC_063238.1	39000001	750607	749993	749872	749842	746169	748014	749019	748066	748635	749644	749654	748414	747942	52231	266210	749972	749725	748315	749387	750088	61749	164218	749875	100249	749171	750084	749308	748105	749724	745809	746344	749271	739277	745052	136339	749016	58277	748561	748897	749210	750030	746870	748813	748343	749368	748080	749186	747946	744807	747809	115444	748610	750121	748816	750015	748786	744829	300347	747642	749702	117830	237287	749244	733006	746149	749759	76923	103792	750436	747036	749031	749778	67552	749504	749104	141652	750382	750326	750113	750051	740946	747971	131770	301871	749223	749009	750152	749821	748687	750123	749828	749905	750125	749775	750188	747860	750074	750037	745460	688438	746606	746591	750033	750468	748462	749385	473323	750249	668528	660679	588027	742952	749960	282345	297557	749649	700627	735721	269105	440146	643234	750209	750215	744016	750349	747702	748738	748614	64702	750054	292239	746674	723370	748932	748395	748782	750230	746279	744981	748249	551427	749693	718342	748086	748433	750420	749144	612162	749654	745108	749387	749350	749496	749723	749888	750192	748817	612219	694307	745383	706426	703932	740724	749135	604633	745106	732798	697799	743375	464602	721215	692577	737769	699869	737734	735087	947	9	7	10	705	7	915	9	731	942	950	950	1	179	947	717	921	9	146	66	118	951	3	145	578	924	866	2	909	913	5	888	880	107	925	49	8	141	933	978	10	13	0	929	16	10	912	879	951	103	11	142	875	2	11	11	248	140	7	1	6	926	860	900	973	37	89	145	140	926	571	0	0	934	128	982	145	3	933	845	10	93	52	3	10	4	1	924	143	1	10	940	4	952	953	938	143	126	3	540	154	151	953	139	965	6	153	9	709	642	5	959	50	4	143	6	832	289	325	714	2	722	546	151	903	957	12	13	2	312	876	0	5	929	158	961	7	5	13	7	10	837	3	9	950	3	3	890	904	11	938	234	944	936	944	11	0	6	16	135	3	139	149	700	874	3	2	138	491	5	125	11	2	133	129
NC_063238.1	40000001	811419	810706	810905	810760	805762	808660	810054	808527	809120	809882	810082	810018	808140	42427	200111	810383	810138	807659	809701	810822	68327	111720	810507	100864	809551	810390	809621	808948	810301	806307	808313	809932	809720	803939	83108	809401	32135	809282	809851	809887	810254	808871	809200	808785	809823	809233	809753	808184	805909	808717	133610	809197	810711	809661	810571	809418	809050	284984	808070	810169	118975	347966	809978	801841	808425	810620	75980	153414	811056	809109	809809	810862	86601	810277	810112	119600	810975	811074	810588	810712	806453	808554	131621	442983	810035	809799	810865	810848	808807	810767	810659	810957	810690	810758	810984	810411	810744	810671	805394	789659	809512	807041	810769	810798	809442	810448	634446	810641	776200	767551	731812	809342	810525	407659	455917	810520	787880	801689	414737	628055	748179	810655	811058	808848	811122	807933	809745	809314	105183	810866	446495	807749	799873	809899	809137	810227	810617	807416	803513	809116	682650	810436	798304	810192	808760	810849	809918	729250	810590	808678	809835	810005	810283	810565	810341	810968	809111	742989	792262	808659	800480	791682	795743	809896	744041	805655	806517	792500	807491	651205	800869	787807	805529	774231	806031	801720	83	6	559	7	607	557	82	0	626	84	607	599	0	85	84	611	89	2	630	9	5	85	0	613	0	85	593	0	606	614	2	81	84	35	84	4	5	614	509	609	5	0	0	81	6	0	83	80	586	71	0	630	602	5	5	0	23	590	4	0	0	85	561	78	607	56	72	631	609	83	0	0	0	86	59	619	625	0	83	76	0	58	233	0	0	2	3	80	632	558	565	83	559	84	609	84	622	578	3	1	583	627	84	595	601	380	629	508	68	71	550	595	223	6	600	4	81	262	413	82	4	623	0	631	600	595	0	68	5	33	81	0	0	81	621	86	537	2	3	1	5	74	4	1	85	0	1	606	591	0	86	0	81	83	82	0	0	3	0	607	3	610	601	526	81	5	47	588	400	4	573	2	3	604	562
NC_063238.1	41000001	803854	803180	803432	803175	801196	801114	802325	801392	802106	803259	803319	803102	801771	56163	330476	803315	803228	799757	802519	803254	149163	196383	803466	197157	802063	803483	802479	801687	802879	801055	801361	801971	803009	800910	170620	802029	71163	801999	802252	802118	803130	801949	801882	801618	802713	801638	802392	800969	798609	801101	217660	801838	803229	802192	802600	802068	802550	398413	802183	802883	203478	405384	802513	792031	800797	803081	136838	226921	803501	801163	802642	803131	163771	802785	802690	198644	803628	803486	803368	803260	800583	801191	222203	486657	802513	802338	803290	803382	801519	803418	803043	803248	803391	803155	803538	803277	803247	803385	796721	773234	801888	798244	803237	803129	801275	802593	641129	803227	762986	756632	711902	800441	802471	380404	471076	802544	772504	795031	458345	621836	738047	803602	803186	800775	803537	800358	802522	802005	161909	803539	483408	800798	792228	802364	801628	801045	802935	800836	790479	801579	676435	802977	788187	802882	801820	803654	802824	718775	803262	800184	802762	802376	802861	803092	802891	803402	802396	734583	775940	801844	786794	782867	783444	802088	729056	799748	796524	778977	800134	635017	791302	775874	797357	771346	797890	791403	97	1	466	1	527	463	90	95	551	3	469	457	0	117	97	553	3	96	546	14	12	3	14	542	3	2	457	0	369	367	3	95	2	45	94	1	1	462	368	471	2	96	0	3	1	92	2	95	453	65	93	471	462	1	0	94	7	546	1	20	33	2	419	97	468	40	70	471	461	91	1	0	0	4	53	473	552	1	3	94	93	58	194	2	1	3	0	2	550	465	468	95	464	3	467	2	471	437	2	1	511	465	98	526	461	349	470	419	0	4	453	458	132	0	459	1	4	196	326	5	0	473	2	471	441	458	95	51	0	2	3	0	2	92	469	95	452	6	92	6	96	5	1	95	96	1	3	461	443	97	96	0	96	2	3	91	0	1	98	454	2	456	453	398	3	1	444	526	315	1	428	93	1	441	431
NC_063238.1	42000001	752224	751488	751915	751738	747014	749325	750780	749617	750023	750761	751597	751090	749798	41950	194908	751654	751207	748685	750703	751597	64873	131093	751743	101537	750466	751929	750882	750003	751010	747075	748342	750632	751290	745926	91726	750376	39868	750476	750875	750194	751656	750149	750161	749904	750889	750411	750537	749482	747469	749546	128468	750124	751647	750286	751513	750213	750517	271340	749276	751401	111661	322763	750844	741317	748878	751459	70410	135982	751997	750391	750904	751706	83208	751372	751160	109072	752088	751885	751910	751497	747611	749526	132133	424146	751044	749918	751715	751527	749979	751618	751408	751862	751624	751636	751920	751397	751769	751707	748109	729629	750240	748341	751622	751996	750594	751346	600249	751912	721173	711093	683267	750259	751722	369294	444663	751406	728215	744119	387825	591512	693873	752019	752065	750223	752024	749491	750842	750463	99616	751880	418577	748824	740313	750768	750297	750836	751975	748416	745592	750255	632075	751422	739496	751450	749894	752051	750972	680834	751529	749645	751189	750936	751291	751495	751458	751842	750494	693590	734377	750145	741743	732526	739039	750967	689705	748112	746598	733981	748951	604151	743117	733600	746980	716579	748168	744097	936	0	956	0	914	948	903	919	922	9	747	838	0	106	956	932	49	928	954	46	58	9	54	905	109	7	826	1	236	240	51	940	9	46	913	0	1	734	245	866	0	911	1	9	1	917	9	877	830	70	908	752	843	0	1	929	7	919	0	70	224	8	684	924	754	49	55	867	780	926	1	10	109	53	57	761	956	0	9	901	891	66	314	106	3	50	0	9	936	961	964	944	962	9	867	9	856	800	2	1	899	852	944	904	743	694	752	891	0	11	941	741	203	64	843	4	10	328	624	9	0	859	104	755	892	852	910	59	0	8	10	1	1	924	749	943	914	44	909	100	934	6	0	906	942	2	3	863	830	917	938	107	934	11	9	899	2	2	920	721	1	727	729	644	9	0	820	907	578	0	785	913	1	711	680
NC_063238.1	43000001	741521	740883	741049	740993	738519	738491	740125	738766	739784	740127	741048	741013	739567	45161	207688	740632	740714	736941	739888	740843	156290	125397	741162	195061	739759	740960	740068	739249	740388	738540	739641	739724	741102	736732	87760	739668	39833	739704	739840	739938	740549	739716	739460	739097	740197	739251	739887	738758	738269	738776	259795	739417	740845	739337	739920	739378	740790	342275	739752	740544	192062	484180	740389	736113	739658	741013	118178	321068	741048	740420	740687	740894	223223	740739	740505	168792	741211	740991	740948	740728	740037	739459	260253	599737	740047	739984	740936	740946	739178	740992	740749	741002	740877	740821	741260	740979	740984	740870	735861	732771	740072	736388	741030	741099	739296	740458	684046	741060	728565	723489	717033	740657	740333	508732	608976	740595	726418	736805	554072	685742	715238	741042	741170	740275	741187	738406	739888	740003	244290	741192	580694	739140	736410	740228	739438	740312	741008	738475	734383	739687	680472	740808	734756	741133	739711	741217	740634	704758	740636	739373	740303	740212	740659	740754	740696	740993	739827	719117	736199	739797	739774	733680	713736	739896	723637	738459	739676	735637	739753	687979	738664	734619	739049	725774	739763	733969	742	0	697	3	697	692	705	698	713	701	704	691	6	7	33	726	23	702	712	92	50	704	74	694	675	690	32	0	283	288	686	721	676	2	708	0	0	0	286	27	1	694	661	694	0	695	680	699	26	123	690	0	30	0	1	712	205	706	0	105	259	687	688	712	697	3	156	27	617	712	14	2	686	24	82	704	712	0	699	713	700	6	228	675	1	700	0	673	742	694	702	717	697	702	27	697	688	637	0	13	532	601	724	553	699	627	79	680	0	656	695	685	56	480	674	0	658	15	24	654	0	671	3	0	611	27	696	33	0	506	680	666	0	705	79	581	665	635	742	622	708	693	0	653	722	0	0	34	27	746	712	668	719	694	699	703	0	0	701	0	0	0	0	669	681	0	684	693	18	0	664	710	0	0	0
NC_063238.1	44000001	503739	500853	500079	499091	499243	495545	496855	496283	498905	499148	502196	485654	501444	64434	234533	498268	499331	488632	497947	500067	258615	164442	502157	282126	499124	501159	499775	494132	500632	496354	461139	498287	447043	499036	142925	497847	73987	494312	499435	498305	499843	497160	498664	495056	500490	493347	498757	497120	472929	498012	299650	498607	500629	492204	485245	493756	454926	345258	497532	497203	280295	376853	500877	485221	498011	502211	187614	333184	501695	498760	499131	502043	281999	501284	498997	241167	502381	502068	501053	500580	438586	498143	313695	422686	499697	490677	501324	498912	496857	501576	499214	499990	500016	500216	502439	500876	501507	501122	490596	488961	500715	489852	501871	498373	495799	501346	460567	501154	485767	472646	478254	496810	495626	391486	448169	498400	487220	486400	426766	461093	484177	500513	501070	501136	502657	494172	500589	498448	310115	500821	436931	497453	492523	500505	497819	492591	495720	496884	477519	499978	457707	498443	495771	502314	498825	501597	501546	462940	499531	496136	499940	498771	501148	499886	501302	502724	500510	462353	498464	500115	501985	495899	466887	498747	489088	498961	500255	496558	498056	464125	499178	497169	497402	471452	499982	483339	523	4	424	4	602	324	466	649	628	602	579	584	12	93	277	623	281	625	675	185	71	616	262	653	579	599	268	27	678	626	497	445	609	101	468	3	4	23	664	428	5	643	340	606	5	638	555	445	408	183	641	0	267	5	11	612	352	670	5	195	327	604	565	475	594	16	300	431	297	484	439	0	366	296	118	590	670	0	588	412	652	230	12	353	15	502	4	596	440	424	424	484	421	622	437	602	347	463	6	423	391	28	479	401	578	391	605	414	9	573	422	560	363	310	352	7	329	342	68	577	4	592	0	29	572	417	635	282	5	497	588	613	0	418	588	278	412	412	567	337	645	585	6	27	492	0	0	277	404	571	475	361	480	585	594	662	28	0	654	28	0	25	24	576	591	5	417	654	394	5	526	639	20	28	24
NC_063238.1	45000001	386416	380451	381665	381437	376622	375596	380277	376382	378928	372496	376991	306437	381365	95734	238089	372306	380246	370066	375000	381309	198915	188187	378722	223737	379070	373099	378663	376507	380508	378163	266497	379149	198659	371878	178607	378669	126314	377076	379794	378047	373852	380017	377750	373082	379663	376262	377689	376577	293431	377951	214441	378535	380373	372262	364003	374123	129895	236759	381233	370160	192007	246436	381973	354420	379516	383252	166125	219869	382117	382244	379989	383411	210078	380974	381726	204341	379799	384199	374181	381449	220228	379143	205503	224086	377101	377853	379998	381144	376990	382448	380572	381911	378189	382905	382579	373408	381236	380621	370986	369200	383316	367089	383835	376024	372638	382297	327453	378306	368267	321134	364914	383286	377490	275348	332189	379558	370431	375968	289549	332854	368923	379901	381942	381992	384783	374035	381747	381965	264273	382507	305229	381479	364344	381511	380266	358648	380053	380376	342710	382154	336713	382346	379372	385387	381519	381031	382871	350719	382449	375987	374617	379844	383444	380453	382802	384615	382546	324111	379784	382230	379671	376240	359811	381001	370367	378506	381742	373644	382532	339184	379211	378286	380340	295758	381793	360128	114	68	204	93	352	7	111	122	301	204	144	79	32	175	306	312	318	279	207	142	107	174	115	315	304	282	122	192	224	137	199	160	113	128	109	1	233	138	203	275	229	277	181	310	273	364	214	129	269	117	274	273	172	95	95	116	106	392	26	23	69	202	161	89	254	1	167	222	294	44	198	100	216	285	78	83	206	206	120	87	276	131	6	192	312	194	85	262	152	205	211	39	210	201	219	285	215	93	66	211	162	22	35	268	241	144	239	164	170	195	255	12	5	165	269	101	28	144	245	45	207	199	190	316	168	362	213	51	6	101	41	278	208	119	211	200	99	65	208	38	37	104	163	260	384	183	127	123	376	186	227	188	305	267	97	36	137	207	223	314	200	334	195	100	8	13	292	206	367	11	301	173	170	177	7
NC_063238.1	46000001	15317	14705	15022	15230	15196	14093	14720	15205	15269	15297	15296	15302	14985	4638	8980	14864	15245	13561	14784	15190	10789	8678	15289	11577	14188	15003	15025	15106	15249	15305	15197	14957	14145	15126	7329	15073	5272	15170	14542	15018	15204	15131	15150	14889	14663	14369	14575	14943	15166	15090	10814	15154	15247	14907	15126	15099	11308	13549	14855	14937	11632	11336	15223	14874	14925	15163	10352	10030	15259	15065	15266	15191	9562	15140	15165	11276	15221	15276	15283	15029	15080	15037	10722	12700	15205	14764	15274	14906	14901	15207	15263	15273	15189	15128	15256	15288	15201	15106	14024	14714	15074	13683	14807	15242	13713	15247	13014	15237	14655	14634	13762	14877	14407	9942	11718	15069	14024	13845	11133	12978	13812	15227	15264	15236	15276	14341	14618	14847	8619	15282	11639	14606	14740	15070	14865	14812	14733	15064	12782	15056	12997	14450	14771	15166	14940	15078	15179	13637	15051	14473	15223	15150	15100	15190	15213	15149	14854	13815	14886	15134	14979	15059	13156	14974	14313	14962	15089	14996	14972	13725	15020	14109	14862	14401	14945	13671	0	0	13	0	21	0	0	0	27	0	12	0	0	12	27	27	20	28	13	16	13	0	8	25	26	12	0	11	13	12	11	11	0	10	0	0	12	0	12	13	8	9	11	27	27	26	12	0	10	9	12	13	6	0	0	16	0	24	0	0	0	8	13	0	12	0	13	12	12	0	12	4	13	9	0	0	13	13	0	13	13	15	0	13	27	13	0	9	0	12	13	0	0	13	9	8	11	0	8	8	0	0	0	20	9	0	13	0	13	7	8	0	0	11	8	0	0	0	7	0	12	8	12	27	0	27	6	0	0	0	0	12	11	0	8	12	0	0	0	0	0	0	0	7	27	13	0	0	27	13	9	8	28	9	0	0	0	11	11	26	13	18	7	0	0	0	13	6	23	0	25	0	13	8	0
