chrom	window_start	sites_total	calls_AL101	calls_AL102	calls_AL103	calls_AL114	calls_AL119	calls_AL120	calls_AL121	calls_AL124	calls_AL125	calls_AL127	calls_AL129	calls_AL133	calls_AL134	calls_AL137	calls_AL138	calls_AL141	calls_AL142	calls_AL143	calls_AL146	calls_AL149	calls_AL153	calls_AL155	calls_AL156	calls_AL159	calls_AL160	calls_AL162	calls_AL166	calls_AL170	calls_AL173	calls_AL174	calls_AL175	calls_AL176	calls_AL177	calls_AL178	calls_AL180	calls_AL181	calls_AL182	calls_AL184	calls_AL185	calls_AL187	calls_AL189	calls_AL193	calls_AL196	calls_AL197	calls_AL199	calls_AL200	calls_AL201	calls_AL204	calls_AL207	calls_AL208	calls_AL209	calls_AL210	calls_AL213	calls_AL215	calls_AL216	calls_AL220	calls_AL223	calls_AL231	calls_AL238	calls_AL241	calls_AL242	calls_AL243	calls_AL244	calls_AL246	calls_AL254	calls_AL255	calls_AL256	calls_AL263	calls_AL266	calls_AL269	calls_AL272	calls_AL273	calls_AL274	calls_AL276	calls_AL278	calls_AL279	calls_AL283	calls_AL284	calls_AL288	calls_AL292	calls_AL300	calls_AL303	calls_AL304	calls_AL307	calls_AL309	calls_AL313	calls_AL32	calls_AL35	calls_AL75	calls_AL82	calls_AL86	calls_AL88	calls_AL91	calls_AL92	calls_AL95	calls_AL97	calls_AL99	calls_K1423	calls_K1461	calls_K1542	calls_K1544	calls_K1567	calls_K1579	calls_K1580	calls_K1583	calls_K1603	calls_K1606	calls_K1608	calls_K16100	calls_K1614	calls_K1617	calls_K1618	calls_K1623	calls_K1627	calls_K1632	calls_K1640	calls_K1650	calls_K1660	calls_K1663	calls_K1665	calls_K1669	calls_K1672	calls_K1680	calls_K1684	calls_K1693	calls_K1696	calls_K17007	calls_K17008	calls_K17010	calls_K17013	calls_K17014	calls_K17025	calls_K17028	calls_K17030	calls_K17032	calls_K17033	calls_K17034	calls_K17035	calls_K17037	calls_K17040	calls_K17042	calls_K17044	calls_K17045	calls_K17048	calls_K17052	calls_K17053	calls_K17056	calls_K17062	calls_K17064	calls_K17073	calls_K17077	calls_K17078	calls_K17081	calls_K17083	calls_K17087	calls_K17091	calls_K17094	calls_K17098	calls_K17099	calls_K17101	calls_K17102	calls_K17103	calls_K17104	calls_K17106	calls_K18010	calls_K18017	calls_K18019	calls_K18022	calls_K18034	calls_K18078	calls_K18083	calls_K18084	calls_K18091	calls_K19018	calls_K19019	hets_AL101	hets_AL102	hets_AL103	hets_AL114	hets_AL119	hets_AL120	hets_AL121	hets_AL124	hets_AL125	hets_AL127	hets_AL129	hets_AL133	hets_AL134	hets_AL137	hets_AL138	hets_AL141	hets_AL142	hets_AL143	hets_AL146	hets_AL149	hets_AL153	hets_AL155	hets_AL156	hets_AL159	hets_AL160	hets_AL162	hets_AL166	hets_AL170	hets_AL173	hets_AL174	hets_AL175	hets_AL176	hets_AL177	hets_AL178	hets_AL180	hets_AL181	hets_AL182	hets_AL184	hets_AL185	hets_AL187	hets_AL189	hets_AL193	hets_AL196	hets_AL197	hets_AL199	hets_AL200	hets_AL201	hets_AL204	hets_AL207	hets_AL208	hets_AL209	hets_AL210	hets_AL213	hets_AL215	hets_AL216	hets_AL220	hets_AL223	hets_AL231	hets_AL238	hets_AL241	hets_AL242	hets_AL243	hets_AL244	hets_AL246	hets_AL254	hets_AL255	hets_AL256	hets_AL263	hets_AL266	hets_AL269	hets_AL272	hets_AL273	hets_AL274	hets_AL276	hets_AL278	hets_AL279	hets_AL283	hets_AL284	hets_AL288	hets_AL292	hets_AL300	hets_AL303	hets_AL304	hets_AL307	hets_AL309	hets_AL313	hets_AL32	hets_AL35	hets_AL75	hets_AL82	hets_AL86	hets_AL88	hets_AL91	hets_AL92	hets_AL95	hets_AL97	hets_AL99	hets_K1423	hets_K1461	hets_K1542	hets_K1544	hets_K1567	hets_K1579	hets_K1580	hets_K1583	hets_K1603	hets_K1606	hets_K1608	hets_K16100	hets_K1614	hets_K1617	hets_K1618	hets_K1623	hets_K1627	hets_K1632	hets_K1640	hets_K1650	hets_K1660	hets_K1663	hets_K1665	hets_K1669	hets_K1672	hets_K1680	hets_K1684	hets_K1693	hets_K1696	hets_K17007	hets_K17008	hets_K17010	hets_K17013	hets_K17014	hets_K17025	hets_K17028	hets_K17030	hets_K17032	hets_K17033	hets_K17034	hets_K17035	hets_K17037	hets_K17040	hets_K17042	hets_K17044	hets_K17045	hets_K17048	hets_K17052	hets_K17053	hets_K17056	hets_K17062	hets_K17064	hets_K17073	hets_K17077	hets_K17078	hets_K17081	hets_K17083	hets_K17087	hets_K17091	hets_K17094	hets_K17098	hets_K17099	hets_K17101	hets_K17102	hets_K17103	hets_K17104	hets_K17106	hets_K18010	hets_K18017	hets_K18019	hets_K18022	hets_K18034	hets_K18078	hets_K18083	hets_K18084	hets_K18091	hets_K19018	hets_K19019
NC_063221.1	1	755201	753768	754348	750281	738903	752222	753276	751283	753709	752608	752777	745594	753925	97715	436430	751617	751225	745432	753330	754248	351675	292987	749668	398622	752799	748970	753540	746966	748181	732969	722319	751342	716382	740381	279804	752713	147914	752572	752837	753287	751661	752449	752918	752019	753658	751847	753081	750833	690504	751358	389334	752483	753984	751731	746773	752951	684994	522228	753104	750701	387757	511705	753072	729019	752709	753978	288898	394239	754322	753513	753798	753760	340996	752715	753480	370468	752993	749709	751984	753446	703312	752427	375801	529006	752334	753124	754454	754297	751348	754176	753601	754366	754030	753984	751061	753210	754093	753999	740024	743550	753643	742615	754248	751773	749197	754042	658489	752820	732504	694165	722042	752637	750110	480337	598534	749730	732029	744699	546880	661344	726136	753208	753309	753783	754342	748738	753271	751018	373981	754507	572473	750547	735338	753705	752649	747127	750535	751796	725280	751993	673388	751939	741146	754297	751068	753434	748449	692317	753871	750106	750663	753222	752518	754107	753222	754401	752834	689123	749267	753069	752021	744520	717917	750161	732746	750878	750888	740808	745057	673640	748241	745278	752686	693635	750530	738967	3	397	637	398	261	555	540	551	419	515	621	511	32	161	392	419	252	408	619	107	143	646	123	274	642	540	634	1	6	7	387	543	551	131	267	39	544	418	520	553	545	277	266	555	413	3	548	501	415	93	304	3	522	356	392	312	240	279	389	227	15	3	618	564	549	145	211	554	542	618	541	168	537	3	120	552	643	605	387	234	323	120	1	540	386	541	511	389	579	512	398	3	531	643	424	556	420	363	611	189	370	4	613	511	572	476	268	552	239	584	495	326	238	361	499	375	3	439	456	569	560	415	420	421	540	555	496	218	624	422	29	405	612	552	260	508	557	356	493	170	575	636	275	487	268	637	3	533	262	605	268	547	330	406	420	3	451	545	635	548	542	406	496	515	28	270	410	533	483	265	396	565	513	412	243
NC_063221.1	1000001	839553	838722	839056	838753	836792	836593	838067	836671	838199	838385	838270	838052	838489	70005	443035	837222	838836	833402	837778	838996	366951	268855	838910	412221	837585	837762	837985	837309	838282	832699	825809	837492	835726	835683	223585	837477	95938	837495	837274	837978	837580	837636	837225	837275	838017	837233	837319	836504	813717	836372	452819	836977	838431	837606	835114	837554	835971	574089	838105	836933	434281	586029	838183	822618	836720	838783	302995	465287	838786	837807	838598	838936	385326	838457	838338	402753	838531	838828	837395	838477	822540	837206	428622	630051	837510	837826	839004	838898	836857	838721	838668	839038	838670	838744	839153	838390	838947	838570	829803	828230	837776	830957	838770	838719	836097	838219	734432	838333	814613	790279	802465	838068	837661	546066	657804	837761	817213	834214	625404	737848	810653	838512	838926	838208	839056	834613	837963	837831	403885	839063	638787	837004	828337	838094	837023	835856	838541	836252	820519	837672	751318	838780	829920	839202	837527	838766	838478	782765	838805	836445	837451	837932	838523	838698	838452	838998	838055	774016	831357	837581	836111	829271	801958	837938	809836	835997	836618	828820	837513	748861	834140	828480	837090	799925	836916	830203	0	609	790	601	380	602	591	601	612	660	403	656	22	194	825	612	367	605	690	234	120	653	233	690	778	725	751	108	2	1	594	555	695	112	386	22	705	716	782	663	542	543	374	664	602	3	535	516	602	116	745	2	780	776	595	768	287	701	820	264	110	330	742	15	164	36	266	665	707	399	401	193	392	329	163	745	796	361	813	387	745	220	0	391	815	794	654	586	837	655	605	0	792	796	589	551	735	659	730	585	652	135	686	382	770	8	395	11	361	699	14	760	78	249	633	582	321	493	602	642	671	632	707	613	15	658	681	257	404	459	236	606	348	14	391	653	13	622	641	1	269	770	396	513	394	763	2	786	270	676	381	650	763	595	630	324	479	531	780	165	532	582	587	739	237	390	609	632	562	387	562	447	523	726	373
NC_063221.1	2000001	772110	770403	770776	771301	769209	769127	769859	767819	769590	770857	770457	770609	770445	48002	266195	770744	770760	768512	770317	771354	109393	149225	766364	152795	769713	770601	770424	767616	770229	767782	769354	769026	770774	768508	123153	770312	53845	770001	770237	769208	770431	764325	769368	768696	770550	768940	770378	764015	768739	768841	201855	769816	771136	768620	770825	764749	769528	361451	769727	770240	188945	346219	765341	762231	768182	766237	116565	168261	771627	769394	770336	771261	115092	770570	769950	208106	771209	770806	770652	770974	766707	769107	162309	416094	769995	770560	771202	771224	768000	770904	771414	771453	770595	771353	771501	770608	770943	771278	762690	733492	769589	764104	770406	770855	766101	770315	578626	770543	717438	719905	663271	765600	768658	318030	401201	768727	737120	756760	382416	552555	691203	770345	771104	768450	771134	765995	769901	770093	124060	771599	410371	765726	756041	770120	768110	768432	769431	767924	759815	768127	618323	768601	751994	769930	763085	771211	765122	666170	770639	766403	769624	770335	770723	771147	771022	771577	769263	694502	731786	767076	743082	738308	755531	769765	673653	764997	763174	739069	765060	576983	757013	733315	763279	730882	763077	754349	7	280	725	277	660	282	385	603	659	911	690	903	7	159	664	745	665	734	693	5	68	1	65	3	416	683	396	614	738	748	277	284	705	59	668	39	683	653	406	900	1	3	581	892	737	2	1	274	722	109	672	4	405	699	1	680	195	5	813	113	76	13	794	742	0	64	99	901	682	681	699	26	678	274	118	692	405	674	745	649	663	79	290	686	647	726	899	267	753	905	279	280	853	730	876	279	743	652	767	631	6	595	703	840	851	476	688	14	570	610	6	730	196	299	845	186	260	344	429	559	105	664	4	419	8	889	630	77	692	286	252	689	658	3	697	864	736	623	820	569	7	799	682	2	694	244	16	409	852	692	680	673	694	697	656	276	565	1	389	0	4	630	677	352	270	659	668	391	449	646	779	265	3	806	617
NC_063221.1	3000001	707166	705957	706777	706215	705619	703735	705806	704187	705623	706413	706173	706254	706338	48602	288292	705353	704526	702687	702733	706305	183100	166340	705987	245747	702275	706211	705227	704756	705968	704653	705629	705536	706508	702610	133717	705046	52811	704360	704448	705718	705467	704932	701079	703775	705471	701040	701806	703961	705194	699343	269894	704363	703397	705248	705181	704973	706221	421293	703659	705467	296632	428092	705450	702396	704425	706249	166969	244950	706520	705298	705871	706106	168569	706087	706040	283568	706298	706027	705671	703710	705115	703862	218070	497061	705204	705110	706632	706217	704986	704170	706137	706780	706738	706409	706658	704860	706633	704213	696723	683328	704042	693615	705769	705351	702234	705613	595261	705729	678409	680492	646529	699143	699110	358230	459911	703731	685231	695828	434286	584405	655572	705569	705334	703431	706950	696816	705293	704337	169398	706624	464784	702944	696311	705052	700746	703381	704225	703200	693062	703495	609126	703939	697468	706207	702792	706365	705658	640056	706397	701710	705218	705577	704889	706162	706084	706178	704960	666906	689549	704065	698298	691543	689523	703626	658674	702759	703747	689307	702988	595071	700437	686697	702735	684672	701429	694017	8	619	737	613	754	614	709	610	776	747	752	745	19	60	765	237	736	228	748	101	83	4	116	426	622	736	598	613	715	736	594	621	233	83	762	24	746	740	609	753	2	1	555	734	225	4	4	614	227	152	727	2	608	732	2	747	286	423	806	179	221	4	773	717	3	101	166	745	736	732	746	126	744	605	49	786	7	761	378	768	752	126	379	732	749	742	734	598	374	734	618	616	806	746	666	618	377	686	741	736	393	563	743	767	800	535	783	5	695	4	7	363	236	354	784	735	565	384	557	644	8	755	420	613	5	721	750	134	745	412	594	224	741	3	776	802	709	665	777	599	5	772	775	4	783	6	3	610	691	745	738	766	747	731	759	598	653	4	6	4	5	758	735	554	577	759	225	583	6	748	682	597	2	767	678
NC_063221.1	4000001	794163	793379	793552	793475	791594	791144	792731	791640	792746	793017	792754	793591	793210	67784	406332	792235	793277	788535	792405	793292	247918	246158	793049	318884	791747	792906	792486	791774	792857	791250	791941	791746	792497	792439	198215	792356	87277	792043	792031	792513	792198	791928	791538	791306	792506	791509	792237	791273	790476	790524	351799	791895	793056	792156	791109	791716	793242	509451	792535	792160	337688	525442	792710	788969	791899	793189	207520	333365	793523	792199	793163	793311	241888	792855	792939	315709	793382	793810	792881	793317	793055	791638	304059	600407	792458	792532	793592	793458	791900	793498	793459	793623	793421	793493	793764	793105	793506	793269	785577	778045	792530	786442	793387	792869	790894	792710	690962	793132	772564	765667	742672	791950	791723	415227	534441	792411	775733	787446	536883	682991	754211	793252	793550	792405	793814	789827	792622	792302	229419	793714	562316	791462	785926	792815	791932	791993	793204	791502	779831	792186	706518	793264	785529	793509	791614	793490	792939	737702	793301	791365	791769	792567	793183	793204	793120	793807	792694	754071	784371	792180	788381	782344	768461	792026	761339	790238	791606	782115	792103	703142	788431	779352	790988	773324	790695	782945	110	605	816	615	650	603	709	500	762	835	628	727	29	113	897	398	711	389	573	103	82	95	144	446	628	564	501	508	835	820	483	585	389	94	663	40	723	752	502	396	111	815	630	819	476	730	1	599	474	160	610	856	502	672	80	624	273	927	755	193	251	0	715	718	106	109	182	722	708	568	731	101	619	605	57	677	0	667	789	674	646	179	441	726	870	728	723	495	792	725	609	507	644	840	888	510	797	518	609	654	852	758	674	617	734	669	783	101	626	130	1	59	206	426	629	712	579	336	434	603	0	905	936	627	103	804	742	119	622	349	486	380	754	1	794	750	800	573	712	722	107	740	675	0	677	2	3	594	688	657	657	660	720	567	906	501	505	112	119	110	99	718	700	474	489	758	472	499	86	735	731	577	87	634	523
NC_063221.1	5000001	357991	357426	357619	357670	355309	356751	357231	356544	357467	357214	357162	357810	357532	32731	203365	357045	357817	355861	357174	357803	115843	126783	357317	143922	356932	357155	357198	356936	357556	355790	356558	357077	356199	357249	98789	357259	40444	356886	356736	357309	357191	357032	355715	356338	357079	356675	354661	356847	355418	356361	148106	356947	356418	357225	355727	356860	357685	239117	357030	356751	147528	223409	357525	352350	356778	357293	93939	142875	357634	356556	357501	357393	110490	357546	357082	132332	357444	357755	357302	355051	356831	356730	147221	252323	357143	357151	357740	357721	356759	355092	357693	357774	357777	357728	357726	356863	357731	355139	353647	349779	357128	353783	357447	356976	355829	357288	299675	356834	343511	340373	332750	354559	353984	197927	244704	356887	346804	353211	236775	304091	337295	357543	357144	356506	357650	353675	357009	356794	108534	357802	240777	356533	352399	357081	354642	355667	356598	356410	349453	356754	314812	356887	352436	357605	357063	357602	357609	325136	357561	355616	356689	357218	357321	357414	357600	357569	357253	332264	351753	356700	354541	350810	342609	356610	337687	356123	356170	351183	356367	302210	354366	350293	356251	345254	356400	352051	8	8	243	4	157	12	234	0	174	245	237	237	17	94	243	257	162	251	165	61	34	8	61	247	6	165	0	0	246	252	0	3	254	56	161	14	270	260	0	254	7	185	254	245	258	187	0	6	253	34	231	188	0	238	9	237	81	225	245	36	3	0	234	229	13	30	54	237	245	161	275	7	252	7	3	166	0	262	185	164	163	56	116	270	243	236	237	1	189	236	6	0	237	247	191	0	188	155	223	261	218	276	182	224	241	189	178	24	136	16	0	0	44	159	235	242	25	80	116	162	0	259	222	11	17	245	185	32	238	90	0	236	266	0	188	260	238	177	243	215	25	241	166	0	166	0	4	10	222	170	172	163	245	165	255	0	139	24	13	21	13	172	264	0	0	177	257	0	16	168	262	18	11	231	152
NC_063221.1	6000001	238224	237960	238000	237966	237364	237070	237595	237263	237780	237564	237497	237907	237946	21797	136538	237313	237991	236219	237660	238024	116172	79394	237835	129378	237451	237328	237614	237368	237834	235670	236136	237354	233950	237531	66006	237467	31321	237520	237757	237759	237497	237418	237328	236941	237479	237385	237518	237260	235742	237033	138308	237475	237801	237343	235814	237192	237318	169092	237656	237043	132056	183645	237842	234861	237664	237909	81172	153571	238005	237570	237980	237886	130251	237805	237867	114098	237707	238056	237682	237934	235330	237557	147705	194271	237335	237486	237957	237977	237414	237994	237911	237992	237816	237893	238030	237820	237933	237889	235180	236256	237746	234859	237828	237810	237394	237678	215447	237701	233428	225664	231035	237926	237593	158318	199883	237718	233206	236598	192323	219614	231440	237596	237903	237530	237995	236826	237523	237558	127276	237999	193939	237545	234359	237688	237571	236721	237709	237516	230970	237500	221272	237785	234884	238154	237682	237700	237657	224609	238000	237249	237263	237597	237943	237926	237850	238082	237667	222168	236656	237660	237439	235170	226802	237514	232440	237169	237880	234620	237573	218483	237188	236174	237471	229285	237587	235271	0	2	140	1	49	1	141	1	50	143	145	142	9	48	143	146	43	146	50	39	11	1	45	140	1	51	1	2	142	144	1	1	146	22	48	5	152	152	1	143	1	14	147	141	139	16	1	3	139	18	137	16	1	134	1	144	35	146	142	28	0	0	141	141	0	21	33	143	143	50	155	2	154	1	4	50	1	153	15	49	49	62	99	158	140	142	143	2	17	143	1	0	145	142	15	1	16	47	141	150	131	150	50	138	143	121	50	0	46	1	0	0	23	106	139	140	2	40	45	48	0	141	147	1	0	139	47	22	145	38	1	144	151	0	48	140	139	39	141	131	0	140	50	0	50	1	0	1	140	51	50	50	139	49	144	1	45	1	1	0	1	48	149	1	1	50	142	0	0	48	149	1	1	139	46
NC_063221.1	7000001	835601	834684	835041	834931	833340	832298	833890	832684	833825	834089	834673	834068	833973	66262	351421	833777	834767	830066	833726	834867	325234	219642	834946	363344	833414	834207	833783	832790	834359	830471	820948	833236	819297	832098	176686	833124	69779	833328	833381	833955	833770	833508	833241	833041	834044	832986	833425	832284	825782	832090	421878	832977	834688	833645	829938	833573	833029	513220	833612	833224	382126	559758	834186	823870	833120	834587	253269	447107	834843	833622	834565	834803	360898	834489	834131	329323	834916	834931	834032	834555	825431	832902	417176	639082	833652	834012	834744	834750	833071	834921	834722	834954	834893	834852	835127	834789	834829	834683	825313	821549	833967	825148	835082	834147	831261	834419	730139	834103	813251	789532	790834	833852	832698	471824	632283	833592	811878	829424	615527	728684	799293	834816	834734	833911	835139	830820	834071	833962	367426	835139	631118	832553	823178	834145	833145	831403	833839	833277	815378	833756	748592	834899	824630	834887	833695	835138	834639	779299	834834	831650	833363	834004	834403	834714	834513	835081	833921	768555	825550	833838	830161	823060	797511	833590	795957	830748	833101	820154	832989	727718	829718	822237	831903	803120	832000	823507	0	3	340	4	526	2	335	2	573	343	343	338	15	146	341	555	541	537	571	147	92	3	94	537	3	558	3	2	334	531	2	4	546	31	559	42	388	389	2	550	2	294	384	340	541	289	2	3	537	171	338	298	2	329	2	345	257	486	343	162	6	0	327	334	1	48	220	340	338	561	393	4	396	4	0	574	1	391	293	562	551	121	221	392	532	341	339	5	296	336	3	3	338	339	295	2	295	518	323	380	446	392	573	322	337	90	569	2	510	3	0	0	178	218	332	327	4	365	459	522	0	342	490	4	2	334	552	180	341	375	3	534	382	0	555	339	334	461	332	288	1	340	570	0	572	2	2	4	333	565	563	560	343	570	343	3	498	67	1	2	68	544	382	3	3	566	544	3	0	555	376	4	2	332	525
NC_063221.1	8000001	820440	819737	819968	819838	810568	817630	819041	818094	819203	819388	819382	818396	819188	60372	376380	818895	819862	814949	819074	819931	286744	241076	819562	337530	818630	818933	819143	818274	819320	802673	785660	818241	816529	812822	205033	818726	101936	818694	818712	819127	818736	818740	818267	818093	819232	818262	818819	817767	771935	817727	372237	818187	819538	818714	815572	818713	816082	488397	818947	818148	333806	515837	819262	800297	818228	819702	246533	373004	819682	818508	819349	819943	313804	819483	819243	316063	819512	819993	818638	819646	794935	818325	345401	560471	818889	819237	820046	819880	818162	819806	819811	820080	819886	819927	820100	818991	819961	819714	808809	809219	819134	811720	819916	818628	816677	819454	710817	819221	799075	765630	783732	818904	818040	491773	612987	818372	802435	814932	580936	719721	789208	819757	819513	819292	820265	816137	819042	818834	344817	820078	597803	817849	806823	819221	818591	814891	819068	818522	797975	818754	738977	819586	811594	819981	818704	819658	819629	768802	819614	816919	818374	819137	819261	819758	819563	820043	819188	755563	812645	818743	816321	808083	787444	818381	785656	816854	817869	806337	818607	721087	814496	810841	817799	759695	817660	810494	111	1	423	67	632	66	481	66	440	488	491	489	28	193	487	653	419	645	442	186	66	1	159	640	1	439	1	68	473	622	199	1	635	102	358	29	558	558	64	648	1	498	437	481	644	494	1	1	638	143	476	502	67	454	1	489	174	320	487	146	1	0	473	479	67	115	162	566	479	433	571	1	565	1	1	442	67	577	502	433	431	154	295	565	646	428	485	1	504	487	1	0	425	430	498	1	505	393	467	553	298	457	436	452	485	0	439	0	396	2	0	0	153	354	481	473	1	285	364	396	275	488	324	66	0	482	431	147	489	285	1	630	567	0	431	481	472	361	476	445	0	483	440	0	440	1	0	66	468	432	434	429	487	432	489	1	391	472	66	64	479	417	561	65	1	431	638	0	0	432	436	0	1	477	396
NC_063221.1	9000001	815288	814820	814914	814953	807019	812600	813959	812851	813755	813794	813459	811980	813933	65150	318354	813530	814414	811980	813918	814725	164675	210231	813885	199481	813429	813692	813668	813028	814342	798738	795516	813582	809361	805146	176235	813616	89239	813421	813629	814078	813162	812393	813496	813299	814213	813264	813926	812646	790139	812684	224016	813105	814664	813738	813548	813764	811102	396805	813591	813124	217625	363913	814146	795676	812414	814648	161206	203954	814839	812843	813917	814782	161104	814017	814109	236568	814096	815060	813674	814735	796509	812729	206499	405612	813836	813724	814891	814801	813275	814608	814629	815084	814892	814678	814900	813415	814867	814852	804635	775771	812995	808130	814771	814517	812406	814170	589511	813972	752741	739922	690838	811483	813832	315088	407613	814070	777303	805030	395944	572712	733869	814169	815077	811687	815050	811600	813858	813609	170118	814902	419748	811923	797930	814034	812841	812135	814772	812078	801119	813338	651685	814655	794984	813650	813110	814086	814340	706581	814561	811337	812668	813965	814085	814705	814515	814988	813687	709933	777759	812812	790034	784326	799009	813531	710940	809688	806027	779879	810219	590044	800029	775808	808540	757139	807201	800311	587	37	585	8	344	8	572	31	475	71	605	603	21	94	590	357	451	349	506	67	69	0	2	352	39	354	39	32	558	335	499	31	341	77	579	28	9	9	8	357	0	577	71	583	350	573	0	38	351	59	599	591	8	592	0	592	150	473	614	66	7	0	570	560	33	86	70	360	607	498	35	0	33	39	0	478	8	3	586	442	489	22	241	33	358	590	609	0	590	588	0	39	584	591	570	0	589	459	557	8	447	47	506	587	137	1	476	1	385	1	0	0	115	129	593	537	32	194	287	418	479	589	471	590	1	578	464	58	614	184	38	332	2	0	475	610	566	438	594	467	0	572	500	0	509	0	2	587	551	504	504	498	607	499	591	39	387	564	8	565	562	462	32	480	38	490	334	35	0	464	47	35	0	588	454
NC_063221.1	10000001	820593	819985	820153	820141	813996	818068	819006	818000	818709	818856	817620	815944	818474	61848	267211	818295	819309	818681	819044	820067	89281	176068	818844	119834	818990	818732	819178	818407	819502	811791	815503	819129	779810	813304	140140	818779	72573	818613	818804	818932	818578	815010	818562	818055	819334	818678	818939	818075	813840	817477	165760	818711	819998	818566	820082	819085	808573	347549	816966	818628	147348	282386	819149	802941	816644	819861	109962	142844	820338	817978	818739	820058	89732	819250	819321	195414	819483	820344	818506	820043	800282	817528	143978	369437	818853	818746	820094	820073	818257	819705	819896	820277	819946	819864	820217	815198	820104	819889	812707	763601	816616	814846	819913	820189	818155	819233	542237	819313	739408	727194	647233	813863	819331	286737	326566	819131	771471	804815	327116	501632	708003	819217	820129	814387	820358	816888	818567	818633	93589	820142	362614	816681	795681	818826	817621	818178	820346	816872	812883	818348	617224	819571	789592	818130	818007	819501	819283	682090	819708	815900	817699	819386	819251	820017	819857	820058	818834	696405	763150	816289	775396	776815	811817	819167	670183	813662	806378	773345	813168	529416	793289	761084	806975	773961	806674	802667	678	732	771	321	817	322	653	405	730	733	785	810	39	172	677	812	724	822	0	68	0	11	48	813	736	813	719	414	639	786	0	570	775	65	660	24	6	9	309	827	8	670	718	666	807	668	0	715	802	0	814	685	313	835	0	744	0	714	826	105	133	0	727	697	421	66	0	834	822	0	745	0	721	719	0	737	321	321	674	613	0	0	252	731	816	774	827	0	665	670	0	732	774	778	651	0	674	634	706	1	688	11	5	797	1	4	744	0	552	11	0	0	1	4	812	702	654	1	1	11	737	685	705	678	11	666	706	2	831	3	674	740	322	0	738	836	659	10	795	426	10	745	0	0	0	1	1	670	626	210	0	0	829	0	681	717	0	701	322	744	717	718	725	473	683	0	729	690	12	0	13	669	0	773	0
NC_063221.1	11000001	829426	828831	829029	829017	824261	826511	827992	826754	827290	827894	826967	826475	827376	72366	330542	827210	828412	826959	827951	828808	103460	218052	827878	140065	827807	827629	828018	827105	828377	820061	824371	827796	794554	822665	181155	827630	95949	827390	827506	828100	827722	825087	827448	826935	828284	827367	828061	826628	823098	826337	157981	827327	828724	827646	828862	827854	818686	373847	826205	826855	161600	278239	827808	807498	824791	828485	112869	132321	829210	824841	827661	828750	96604	827961	828245	202403	828178	829208	827619	828985	813315	826394	152864	347172	827761	827548	829021	828920	826822	828491	828658	829172	828930	828857	829147	825750	828967	828806	821120	758270	825070	821632	828804	828873	826438	828152	513518	827889	734061	725296	618242	823084	827932	223527	283132	827864	772226	811560	295048	465916	698544	828059	828959	822006	829132	825647	827626	827196	83646	828935	328653	825285	795986	828009	826852	826446	828800	825849	818499	827147	599541	828471	790656	826448	826855	828235	828147	670961	828619	823054	826848	828269	828289	828608	828618	828912	827518	674876	763450	824843	774940	779625	820157	827470	645414	822730	811437	768231	820597	498067	800468	761883	814620	773237	814366	806625	394	569	561	557	573	568	389	2	2	567	547	555	17	125	399	583	1	583	571	42	77	0	39	393	571	396	552	3	377	380	544	440	382	49	397	0	2	2	565	400	0	397	561	398	391	398	0	540	383	51	548	402	557	565	0	507	151	5	562	60	110	0	485	2	4	35	59	401	541	556	568	1	561	560	0	2	576	576	398	2	550	0	161	568	395	565	560	1	392	395	0	570	564	565	385	0	399	355	464	3	4	1	571	546	1	2	2	1	1	0	0	0	99	2	494	483	515	0	268	431	2	395	4	400	0	392	3	39	562	171	525	342	563	0	2	563	386	477	549	257	0	495	562	0	570	0	4	392	370	552	566	557	561	566	399	564	413	463	541	495	461	2	557	276	533	532	328	529	1	512	1	531	0	526	515
NC_063221.1	12000001	825407	824861	824929	824866	819365	822776	824224	823048	823447	824133	823910	819600	822613	38539	244901	824293	824139	823740	823881	824756	67866	142996	824421	84225	823745	824519	824239	822635	824412	818334	819631	823971	742776	819009	111013	823762	49320	823401	823737	823802	824177	819660	823334	822929	824079	823191	823880	822755	820681	822441	127121	823260	824746	823841	824696	823941	803271	306568	821635	824539	121147	256769	823757	805293	820730	824571	88685	115206	825253	822887	823390	824968	74744	824006	824349	185894	824756	825268	824711	824899	792125	822604	121142	330878	823870	823837	825010	824892	823080	824312	824779	824960	824936	824716	825098	817455	824863	824734	817719	756023	821022	820859	824843	825227	823112	824292	502903	824975	723935	729001	622921	818379	824583	267065	294023	824337	769226	809145	291459	465948	692675	824961	825234	817974	825169	822227	823763	823153	76835	825075	315388	821426	795794	823762	822920	823706	825169	821675	819443	822922	600087	824260	785461	822222	823008	824937	824011	667042	824710	819676	823926	824134	824159	824609	824599	825028	823775	670744	754000	820097	766941	770951	815393	823638	648646	819096	804336	767809	817351	497694	793722	755803	809286	768696	807888	805234	720	227	611	233	613	223	711	2	399	632	565	594	15	102	730	627	402	625	637	30	45	4	25	642	230	639	215	3	683	601	631	172	607	47	706	7	400	399	628	652	1	632	218	731	628	635	1	216	630	46	587	651	228	609	1	504	122	2	607	58	19	0	522	390	5	32	52	657	595	628	642	0	624	228	0	412	232	643	646	323	607	1	131	631	638	516	607	1	637	729	2	227	601	612	681	1	646	605	489	387	390	2	644	577	707	5	409	0	296	3	0	0	111	5	1	479	206	0	269	442	412	733	2	731	3	711	399	41	606	158	210	543	620	0	410	609	695	580	584	124	3	506	623	0	641	1	129	721	668	597	631	619	605	629	729	225	408	460	223	506	475	381	620	439	212	576	530	212	0	555	3	216	3	543	541
NC_063221.1	13000001	833403	832786	833062	832972	828233	830752	832212	831100	831198	831627	830466	827523	830646	53914	243059	831463	832401	831486	832135	832747	63637	160630	831808	77388	831779	831795	831963	830812	832480	826850	827220	831953	721814	828596	127611	831449	61785	831283	831675	832190	830763	827564	831654	831122	832006	831300	831771	830517	826108	830337	107264	831250	832641	832011	832134	831948	810757	269845	829514	830790	103083	217572	832027	807909	828445	832716	79534	98207	833189	829152	831430	832930	58920	831922	832233	152074	832318	833257	831433	832876	802430	830392	123318	295923	831703	831583	833019	832859	831024	832566	832883	833178	832937	832883	833144	824098	832905	832659	824071	751454	828688	826420	832864	832620	830320	832322	471155	831841	722403	710686	599342	826236	831331	228987	257900	832112	772111	813859	261850	432360	688747	832199	832880	824164	833124	827823	831204	831018	62353	833066	287928	828845	799854	831880	830517	830775	832556	829388	823485	831218	580442	832491	788926	829622	830759	832429	832153	652169	832559	826300	830805	832334	832204	832790	832611	832979	831428	649893	759014	828471	769138	770460	825409	831371	622537	825635	810863	761079	823979	462340	796176	749972	815255	768221	814137	807532	687	250	672	255	602	251	660	1	833	623	620	647	24	115	689	619	806	619	626	54	83	11	42	727	248	736	235	1	665	718	616	187	716	49	674	58	816	808	607	745	10	735	106	680	735	742	0	238	730	52	649	750	244	672	1	557	129	1	673	70	43	0	558	780	5	34	54	757	650	603	630	6	614	250	0	832	250	627	747	687	595	14	136	626	736	625	668	0	737	679	2	246	667	674	680	0	743	683	546	794	643	138	638	645	682	7	835	2	583	10	0	0	113	13	0	531	83	3	239	436	823	697	9	697	9	675	808	47	666	154	223	637	608	0	830	679	639	553	637	9	11	575	613	0	627	0	434	690	638	669	614	616	664	622	691	245	378	550	239	583	571	792	612	414	234	566	623	230	2	554	130	235	1	603	554
NC_063221.1	14000001	833227	832722	832860	832847	831397	830448	831874	830658	831100	831585	829898	830022	830643	69684	330216	829736	832634	831025	831939	832639	101210	215793	831518	125052	831671	830800	831965	830980	832227	829033	828916	831605	803573	831201	170041	831262	86795	831535	831526	831865	830254	828553	831438	831043	832004	831353	831759	830521	827787	830430	155017	831003	832616	831697	832795	831532	822964	373223	830706	830049	152883	278763	831820	812239	828465	832506	106334	133006	833111	829404	831618	832704	90037	831839	832052	194292	831513	832957	830638	832713	819041	830380	149336	338108	831788	831469	832871	832815	831187	832548	832479	832965	832614	832696	833053	829770	832793	832715	823378	759278	829363	826538	832623	832879	829851	832075	506891	831303	733516	723022	620276	825790	831555	268423	284237	831911	777658	816092	297100	465554	701474	831447	832766	825552	832916	828789	831615	831074	85593	832842	318230	827814	800795	831601	830730	830309	832708	829120	822486	830917	601307	831616	794230	830058	830394	832014	831915	669614	832383	825829	829729	832004	831923	832650	832451	832792	831324	669411	763980	828579	776957	778973	824866	831485	647984	825163	812220	767666	823326	491491	797399	755840	816575	778214	815330	807973	467	529	623	525	1	528	447	0	531	3	601	609	18	0	468	1	524	1	2	48	1	1	0	612	532	611	518	1	461	591	2	447	608	48	455	27	524	517	1	620	1	604	2	463	607	612	1	500	606	0	608	626	517	622	1	557	5	4	621	79	107	0	538	506	2	50	0	625	590	2	4	0	3	531	0	531	529	2	618	449	1	47	196	4	600	1	619	1	616	465	1	526	615	624	603	1	622	565	519	507	3	526	3	586	467	4	526	0	395	1	1	1	1	0	1	496	0	0	3	28	531	472	3	472	0	459	524	0	622	2	481	537	3	0	532	612	451	3	605	2	0	547	1	0	2	1	420	467	435	614	2	1	622	1	471	518	1	520	516	553	535	509	2	349	492	3	523	483	1	2	420	474	5	558	1
NC_063221.1	15000001	833028	832450	832673	832549	830335	830488	831786	830573	831305	831613	830432	831025	831332	72379	363824	830602	832459	830938	831796	832457	129520	229251	831328	166074	831484	831134	831704	830772	832052	826218	829384	831395	818063	829604	188676	831258	91754	831356	831072	831641	830884	829030	831256	831109	831728	831119	831480	830306	828154	830254	193272	830996	832509	831564	832621	831549	825701	423148	830521	830538	218376	333065	831747	817362	828947	832162	144931	172075	832854	829526	831478	832470	110553	831710	831850	256714	831580	832766	830697	832478	823717	829981	179344	418263	831850	831365	832605	832514	830725	832262	832377	832714	832574	832277	832686	830617	832576	832507	822171	771648	829527	826287	832466	832072	829935	831816	554251	831941	750244	746766	648472	827960	831279	257914	323732	831646	785189	817667	348933	512889	718022	831817	832567	827659	832803	828487	831375	831013	106262	832677	374405	829003	808668	831367	830255	830813	832474	829081	822304	831200	634898	832016	799298	830476	830752	831875	831827	691392	832323	826967	830667	831920	831839	832310	832226	832536	831177	705305	779233	829345	789530	791024	823819	831318	679922	826308	819598	780302	825734	549086	806345	770264	821297	790797	819823	812415	695	472	564	632	140	636	670	166	548	187	677	668	37	69	691	192	535	143	189	78	47	2	22	758	478	762	464	170	672	738	186	435	741	117	684	44	535	539	317	765	3	750	183	680	747	756	1	469	757	19	670	773	640	689	1	640	61	0	682	119	124	0	604	540	173	66	18	775	664	187	189	0	189	473	0	550	643	324	767	495	182	26	214	186	744	321	684	1	764	691	1	475	563	568	649	1	762	684	574	514	235	291	193	654	683	2	550	2	155	2	0	0	29	0	1	567	0	1	83	506	206	694	0	694	0	671	536	16	685	48	443	689	320	0	544	685	662	165	661	3	2	595	190	0	191	1	478	687	642	672	190	189	683	186	695	471	129	560	625	601	581	531	185	477	450	176	643	437	169	170	239	441	1	635	159
NC_063221.1	16000001	838812	838358	838505	838415	836904	836362	837458	836612	836625	836364	835026	836766	836104	89991	364566	835505	838357	836103	837607	838206	122042	239439	836007	147589	837100	835825	837589	836603	837764	828031	834733	837152	815857	836430	200901	837034	106406	836925	837036	837511	835082	834910	836889	836555	837826	836995	837439	836219	828158	836144	163532	836878	838113	837202	838393	837262	831947	396504	836352	835212	177478	261053	837394	808589	834156	838037	120851	138301	838535	832448	836959	838288	104155	837426	837385	215449	836755	838544	835152	838355	829102	835874	170407	326641	837593	836973	838368	838428	836451	838088	838313	838530	838379	838315	838531	836640	838418	838336	828287	761738	835376	831056	838081	838059	835756	837735	496292	836255	733950	715842	618870	831748	837069	210849	268708	837372	778856	822970	279468	453824	706256	836394	838385	828845	838580	834548	837011	836844	81061	838550	308035	834143	798422	837226	836587	835998	838262	835697	828402	836740	598363	837664	792599	835278	836475	836659	837564	672976	838148	830769	835207	837678	837756	838282	837951	838479	837164	661410	769935	834032	772059	783566	828769	836690	635733	833067	817778	768881	830255	480470	799170	763601	821163	777161	822820	814449	478	583	462	632	470	625	457	260	494	680	411	416	29	194	477	685	474	475	681	30	124	9	68	378	576	384	564	263	469	369	666	502	380	67	465	40	484	479	621	388	6	380	560	472	390	380	1	552	381	81	413	393	617	425	9	399	243	6	423	43	107	0	382	455	271	53	86	388	410	662	690	0	664	573	2	485	627	624	388	440	652	0	130	675	382	631	421	1	379	471	9	576	454	468	469	1	388	355	341	462	447	8	693	402	476	7	491	5	2	7	0	0	77	5	1	340	9	5	276	307	0	482	5	481	7	463	472	45	418	152	527	319	607	0	493	430	454	603	399	9	7	122	673	0	684	1	296	477	442	419	683	674	422	674	481	558	431	347	613	369	344	469	671	287	542	626	306	530	204	600	9	535	319	394	577
NC_063221.1	17000001	841910	841210	841157	841288	833729	838805	840288	839454	839635	839033	838294	839705	838505	71909	315069	838426	840608	839275	840322	841230	122103	196290	839529	163658	840099	838937	840459	839501	840733	833480	837603	840053	823488	834168	165155	839804	86444	839689	839788	840477	838352	838128	839953	839306	840532	839734	840545	838929	828650	838711	179580	839338	841213	839954	841008	840155	835671	369461	837658	838080	178399	304102	840294	820446	837556	840895	121154	171914	841507	838179	840221	841349	121749	840810	840429	204601	839885	841298	838951	841333	830241	838958	177679	378525	840151	840048	841232	841413	839555	840927	841092	841524	841179	841121	841449	839166	841368	841073	832689	785677	838901	834758	841076	841204	838797	840482	561078	839482	761332	739139	672034	836988	840337	299365	342492	840630	793848	828209	350525	529056	728582	839537	841593	836275	841547	837927	840180	839780	115202	841467	371025	836851	812590	840166	839534	839300	841072	838423	830761	839560	638848	840756	810974	839351	839536	840122	840627	696339	841046	836271	837791	840521	840771	841156	841003	841477	839962	699703	791616	837832	800741	802646	828421	839872	686422	833992	826049	791868	835558	559085	813107	786901	828153	781611	829338	822345	580	589	603	460	558	475	574	561	636	673	585	589	34	184	590	670	616	566	668	14	106	19	73	208	590	204	564	567	579	206	657	536	196	31	570	41	632	629	628	206	4	549	560	578	207	539	0	551	204	86	115	552	466	605	2	121	209	12	604	15	106	0	528	601	571	57	107	211	600	663	667	2	667	576	8	636	481	637	205	558	648	0	203	682	541	637	609	0	207	583	1	574	604	632	577	0	210	189	529	600	603	6	678	584	584	16	643	15	1	13	0	0	146	10	0	542	14	1	325	473	0	593	5	600	19	565	614	80	609	218	533	163	630	0	639	643	568	588	595	13	19	18	666	0	674	0	437	593	553	615	674	657	617	666	586	571	464	551	465	567	536	618	658	411	540	635	166	533	325	629	18	530	507	570	582
NC_063221.1	18000001	845952	845314	845294	845476	841432	843401	844418	843560	843696	843330	842373	844214	843941	80513	300999	842390	845193	843465	844543	845422	133624	214568	843667	170238	844282	843190	844814	843491	844926	835927	841737	844269	832542	841183	175034	844277	89482	844183	844223	844495	842694	842565	844357	843502	844769	844039	844497	843289	841310	843128	186593	844010	845218	844376	845405	844364	839588	367744	842947	842506	187369	332932	844629	826961	841593	845250	131453	174987	845755	842640	844383	845470	120810	844849	844697	204270	843582	845528	842376	845482	838256	843039	187569	422637	844581	844394	845486	845373	843571	845007	845190	845414	845384	845300	845643	843956	845485	845315	835751	794623	843260	837392	845368	844468	842672	844942	574432	843285	773699	758954	688523	841626	844355	288066	353900	844337	802510	832813	376527	555801	742927	843448	845472	841077	845634	841573	844252	843929	108536	845481	387267	841739	823652	844433	843520	842822	844755	842863	834830	843349	657213	844902	818757	843640	843703	844034	844676	717413	845211	840175	842300	844912	844312	845218	845196	845542	843976	719222	802071	842005	810501	805590	832173	843925	715537	839453	832686	803031	840020	582810	823671	796518	834593	799026	833223	826484	609	543	600	655	616	664	598	620	691	688	95	91	4	165	613	692	681	631	695	59	134	1	66	589	541	605	519	639	588	582	680	491	589	97	604	33	681	679	796	606	0	679	530	611	587	679	0	528	586	72	0	694	661	97	0	0	198	0	97	95	132	0	80	671	632	8	81	613	92	681	693	0	685	528	0	696	675	810	605	627	675	0	27	682	682	809	94	0	598	609	0	538	599	605	597	0	604	548	83	665	632	5	696	90	605	0	692	0	1	1	0	0	141	0	1	81	1	2	372	78	1	545	0	615	0	601	679	46	98	217	509	536	790	0	687	96	589	622	91	2	0	1	693	0	698	1	77	612	577	95	684	675	98	687	542	538	494	78	652	92	85	668	671	446	520	663	533	508	364	624	5	506	88	90	624
NC_063221.1	19000001	830546	830023	830235	830191	823168	828237	829328	828274	827926	828655	828144	820335	826920	52158	239733	828794	829056	828551	829391	829948	59522	154636	828975	75320	829087	828866	829299	828159	829680	822616	824693	828917	606490	823589	127101	828844	60906	828753	828987	829123	828782	823942	828765	828336	829365	828490	829183	828370	820673	827670	100387	828646	829951	829231	828432	829357	776621	282851	826213	828908	98474	202766	829009	802891	825478	829775	75316	94121	830015	826184	828438	829968	57769	829102	829191	155317	829404	830368	828919	830210	767816	827440	105558	285972	828908	828697	830138	830036	828450	829703	829965	830273	829942	829893	830398	814686	830237	830009	822614	749028	825724	824627	829955	830229	828171	829628	465154	829177	711196	701690	602695	821758	829264	223862	253853	829379	765443	813271	256737	419285	681646	829294	830343	820217	830266	827142	829019	828385	59897	830254	284864	826119	788157	828981	828389	827685	830327	826830	821716	828040	575602	829532	779146	826879	827978	829511	829196	649122	829817	823931	827959	829437	829481	829899	829815	830075	828931	648404	750853	825276	760087	768836	821404	828980	619462	823037	805492	756345	820458	451835	790688	745422	811895	767313	810107	804415	498	502	3	472	2	498	489	2	793	678	1	1	2	106	506	671	781	2	683	41	45	0	37	670	505	667	487	1	473	639	662	247	643	63	491	38	774	783	667	683	0	668	585	501	671	670	0	464	666	43	1	688	494	1	0	1	131	1	1	51	69	0	1	762	2	0	48	687	1	659	685	0	665	497	0	806	503	685	687	591	659	42	3	677	669	687	1	0	678	502	0	499	3	3	526	0	681	623	1	770	745	636	690	1	489	0	799	460	0	1	0	0	105	0	0	1	0	3	282	0	0	502	1	503	0	497	768	34	1	157	462	558	679	0	796	256	481	598	248	5	0	0	665	0	688	0	3	499	457	252	674	669	0	678	500	495	433	1	484	1	1	770	656	422	468	627	545	447	293	584	499	447	1	1	612
NC_063221.1	20000001	825555	825066	825162	825123	815447	823214	824062	823073	822718	824190	824065	791859	821931	26732	139941	824956	823276	823916	824174	825012	24861	92586	824079	28070	824067	824944	824335	822953	824688	815373	817163	824189	405908	813058	69904	823678	31871	823626	823867	824181	824590	815577	823629	823210	824442	823354	824366	822908	814856	822847	63758	823340	824988	823800	819724	823881	712025	182159	818701	824803	47996	149058	824079	796533	819942	824767	43013	66895	822614	821814	823146	825059	36303	823975	824516	110963	825112	825361	824826	825234	694988	822349	73846	237338	823770	823466	825132	825088	823592	824647	825012	825290	824982	824947	825334	778112	825158	825032	818961	723135	819239	820244	824776	825428	823022	824658	433872	825143	688367	690511	558783	814207	824881	198139	228484	824482	752789	803080	223276	378335	660061	825073	825316	812888	825341	822402	823863	823531	46114	825243	254584	820730	776049	823918	822933	823048	825326	821335	819694	823136	554771	824543	766328	820647	822920	825297	824071	630655	824825	818343	824087	824338	824450	824996	824784	825155	823446	616769	716979	819239	727025	747828	818655	824036	576934	818310	795348	735896	813371	408124	779195	722256	798481	752421	802267	798444	842	289	714	402	710	431	825	583	693	578	0	0	1	46	737	572	700	714	584	13	33	0	4	575	737	716	715	597	767	661	584	165	658	23	716	8	687	693	575	728	2	576	817	838	706	581	0	673	704	24	0	588	429	0	1	0	59	0	244	18	53	0	207	661	600	0	19	736	0	566	587	0	576	717	2	713	438	584	734	377	571	33	47	577	568	583	243	0	719	838	0	733	701	717	619	0	730	676	199	674	748	788	593	229	729	0	710	496	0	0	0	237	81	0	0	483	0	0	196	1	0	737	0	844	0	825	681	26	0	127	684	598	562	0	712	838	807	534	794	7	0	0	567	0	593	0	156	841	782	828	581	576	1	583	732	711	349	1	699	205	0	676	567	365	682	508	539	668	218	486	573	627	184	216	486
NC_063221.1	21000001	832803	832378	832517	832389	830591	830116	831417	830370	830526	830359	829612	829910	830651	65119	296451	829716	832239	830867	831409	832291	81037	193146	830249	99948	831196	830473	831376	830607	831960	828638	827601	831199	813453	829288	159436	831082	81737	831046	831176	831409	829855	828641	831143	830224	831624	830990	831422	830054	827357	830193	116127	830764	832345	831197	832496	831511	820926	341103	829908	829752	126409	243151	831389	807766	828040	831985	90319	105191	832646	827946	830837	832359	67549	831576	831589	168388	830634	832414	830031	832370	818121	829812	132057	325749	831413	830887	832358	832320	830810	832072	832172	832607	832335	832226	832527	829654	832310	832323	823173	764483	829423	825894	832232	831930	830154	831769	503925	831209	736901	721827	630205	825926	831592	258877	283622	831402	783066	816916	279386	468874	701780	830663	832437	825399	832555	828878	831082	831067	64958	832447	307787	828475	800464	831274	830397	830419	832119	829434	824508	830499	599856	831739	795294	829873	830383	830956	831651	670413	831885	826598	829018	831711	831587	832254	832144	832418	831014	671961	766249	828981	781684	784171	824813	831208	650920	825946	812729	774932	825197	494217	800302	763515	817692	781613	816553	810510	486	602	481	7	713	3	478	690	581	551	1	0	0	113	710	548	603	714	714	30	84	1	28	696	709	520	678	700	483	638	535	597	496	55	690	33	603	610	578	525	2	526	544	479	656	538	1	661	502	38	1	552	3	0	1	1	165	383	601	41	101	0	504	584	700	0	45	672	1	688	547	0	541	694	0	585	3	619	527	511	691	50	161	543	697	618	605	1	521	486	1	700	486	485	542	1	527	481	521	582	451	611	718	571	699	2	583	432	266	0	0	592	125	1	1	568	0	0	327	1	402	706	377	485	0	474	594	31	1	188	665	466	596	0	577	559	465	478	535	3	0	3	705	0	718	1	410	482	456	551	708	697	0	710	704	675	485	0	680	549	2	592	536	391	645	514	452	657	257	497	564	644	491	549	603
NC_063221.1	22000001	852168	851614	851805	851664	841431	849451	850697	849745	850818	849082	848716	847266	850909	64983	356953	847839	851179	848267	850914	851699	266867	245447	850093	314767	850472	848271	850829	850028	851134	832847	804995	850240	840324	836084	197249	850353	99338	850407	850447	850762	847728	850060	850390	850036	850935	850162	850683	849414	807486	849442	337199	849834	851590	850322	848694	850454	842332	477868	850388	847664	315813	489343	851063	830679	849611	851443	239737	331511	851552	850192	851187	851552	284527	851114	850848	298624	848769	851697	847904	851522	821237	849696	311816	544224	850547	851012	851739	851711	849674	851690	851539	851958	851655	851436	851824	850341	851681	851477	841255	833543	850801	840539	851692	850855	848549	851046	709956	849342	821960	788032	795509	850523	849902	457654	565904	850804	829549	847104	549987	707279	807139	849306	851664	850354	851824	847601	850596	850568	303006	851929	574612	849071	839052	850937	850064	846819	851116	850064	830519	850512	746244	851391	841733	851541	850172	850255	851320	786923	851494	849207	847490	850953	851325	851416	851271	851817	850850	772038	837838	850184	843914	837528	826376	850248	805248	848238	847945	832092	849657	720451	845784	835292	848539	795670	847913	840286	714	642	722	1	695	1	704	513	744	652	0	311	0	181	514	655	746	711	719	197	153	0	192	706	514	411	500	720	689	351	633	508	387	95	505	76	777	646	733	411	0	642	628	718	334	646	0	466	409	188	0	653	0	0	0	2	339	579	635	140	237	0	591	771	518	0	182	356	0	717	649	0	646	509	0	746	503	785	420	694	702	239	365	646	710	789	641	1	416	716	357	516	724	727	417	0	416	372	594	768	513	514	716	596	578	3	739	392	499	0	0	612	270	175	0	491	0	0	561	0	584	517	582	725	0	700	760	237	0	441	496	209	769	0	720	651	702	556	638	269	0	0	727	0	722	0	584	720	683	641	701	712	0	710	516	503	622	0	10	632	0	754	628	716	499	640	391	11	600	640	720	503	568	626	641
NC_063221.1	23000001	854619	853835	854158	853979	840640	851441	853060	851908	853101	852577	852685	848147	853383	91881	439902	851521	853999	849249	853087	854045	341086	297315	853153	401107	852748	852108	852901	852422	853170	831606	808723	851904	803371	843372	253328	852601	124307	852575	852157	852941	852023	852620	852495	852557	853120	852539	852939	851614	802586	851823	409123	852070	853819	852575	846018	852815	836213	555480	853091	850963	392880	565038	853198	829991	851944	853862	287066	419182	853755	851709	853300	854021	362814	853449	853297	349984	853206	853901	851671	853702	808263	852150	404654	599022	852641	852968	853967	854064	851869	854147	853770	854189	853775	853859	854205	851959	853908	853818	841150	837838	853104	839184	853801	851154	848431	853553	739916	851353	831553	794466	812352	853112	850637	482273	632715	851736	834854	849211	615651	740657	820011	853036	852778	852896	854375	848490	852984	853022	370389	853987	636115	851731	838984	852893	852523	845100	851976	852452	822186	852879	765817	853693	844010	853765	852548	853060	853305	799826	853808	849991	851011	852887	853468	853792	853620	854074	853055	778008	846216	852741	848059	842322	821689	851354	817431	850828	851071	837581	852680	746831	848394	843628	851860	789364	851155	837811	739	364	736	3	347	3	723	700	739	762	0	756	0	233	714	761	324	359	368	129	57	0	225	358	714	393	687	337	726	8	740	674	393	83	707	68	335	743	726	402	0	742	736	734	7	748	0	657	395	276	0	761	3	0	0	0	185	396	366	141	360	0	354	336	711	0	313	8	0	362	761	1	754	709	1	742	716	340	402	698	354	144	268	748	357	336	367	0	404	727	367	717	732	736	405	0	403	366	355	337	351	704	361	347	340	0	736	375	360	0	0	352	152	476	0	686	0	1	329	0	399	709	399	737	1	729	332	156	0	267	691	0	339	0	700	749	720	588	735	671	0	0	368	0	367	0	350	741	712	740	361	361	0	362	716	709	344	0	0	365	0	333	729	332	690	757	382	0	299	745	337	710	345	362	330
NC_063221.1	24000001	837428	836567	836830	836752	829033	834199	835705	834536	835819	836120	836058	834903	836059	75417	420508	835044	836888	832504	835629	836755	300847	260032	836229	362012	835318	835787	835896	834950	835920	820548	816472	834737	830259	829671	217673	835263	103012	835032	835124	835732	835337	834956	835333	834990	835970	835252	835688	834066	813633	834660	383416	834755	836469	835244	831937	835238	835106	539063	835835	834676	358402	543000	835903	818284	834992	836431	252199	392407	836648	835138	836042	836662	330805	836159	835831	329432	836246	836801	835072	836438	814103	834979	377849	582509	835314	836080	836547	836586	834351	836634	836261	836782	836533	836522	836824	836208	836359	836498	827240	821146	835853	827831	836698	836072	833801	835986	711524	835699	807538	775757	781026	835861	835538	492372	607143	835469	815232	830253	575655	704381	796311	836271	836912	835463	837163	833160	835814	835441	332153	836681	597200	833979	820678	835869	835243	833345	836385	834944	815899	835629	735152	836677	824932	836780	835360	836594	836301	772753	836663	833400	834870	836024	836212	836353	836487	836923	835874	760167	824723	835000	830221	822178	805523	835103	790297	833242	833595	820526	835181	709162	829742	822330	833594	788084	833395	825843	592	610	646	128	575	133	582	672	559	582	0	583	1	191	583	585	1	591	606	192	135	0	205	588	583	583	562	130	574	41	569	585	590	103	571	38	0	568	648	594	0	568	585	592	41	579	0	573	572	221	63	583	132	0	5	0	308	557	606	187	278	0	588	1	635	0	229	41	0	594	586	0	531	573	1	559	676	132	171	547	595	7	380	581	597	133	608	4	594	592	610	582	636	648	579	0	587	538	587	0	498	580	601	568	58	0	555	561	499	0	0	590	301	349	0	655	0	0	495	0	144	581	552	596	0	584	1	231	0	419	559	1	128	0	581	592	209	460	580	452	0	0	606	0	606	1	565	590	575	586	596	592	0	600	585	571	540	0	0	606	0	1	570	1	563	578	575	1	1	574	18	578	542	595	565
NC_063221.1	25000001	854892	854275	854352	854155	850303	852042	853267	852219	852784	853927	853999	853956	852259	32461	226480	853894	853872	851266	853327	854293	112076	119861	854248	151643	853247	854322	853186	852318	853318	849762	852749	853194	853707	849543	84716	853033	32967	852832	853303	853444	853646	852641	852926	852371	853490	852302	853101	851836	850668	851462	211060	852625	854221	852961	854023	853068	853196	329787	852537	853858	182212	465197	853411	846624	852316	854120	114262	258880	854425	853191	853842	854179	167000	853956	853734	179172	854508	854343	853919	853822	851570	852281	206092	584632	853399	853490	854166	854218	852500	854218	854111	854532	854214	854026	854413	854187	854339	853885	848366	839409	853233	848535	854436	854730	852935	853752	742346	854293	832296	827024	806192	853518	854086	468625	578084	854001	834462	848204	557301	740297	814292	854380	854710	853239	854715	851209	853174	852944	183731	854521	584122	851917	846470	853223	852757	854192	854761	851949	846826	853077	761404	854133	845274	854475	852786	854609	853846	797933	854095	852816	853599	853436	854031	854243	854162	854472	853378	813922	844000	852879	849176	841420	827648	853665	814799	850821	852497	842617	852610	751947	849209	840652	851584	831429	851850	845226	677	526	497	765	443	792	666	655	642	516	0	682	0	91	580	692	561	452	455	39	23	0	55	444	582	550	554	622	647	693	686	578	536	24	570	11	566	690	553	562	0	685	436	679	691	682	0	556	544	83	683	700	782	108	654	0	86	600	524	53	182	0	509	561	559	8	122	707	0	448	697	0	0	579	0	653	665	626	619	626	440	74	282	689	454	621	523	656	562	686	526	574	499	498	704	0	618	526	509	566	2	580	457	496	574	1	647	532	554	0	1	517	177	0	0	620	0	0	370	0	711	579	617	722	541	673	564	59	0	275	557	0	611	2	348	458	547	609	443	4	0	0	459	0	459	0	474	682	656	456	440	453	0	454	581	563	411	508	0	524	510	557	685	537	561	694	535	0	443	679	614	571	480	515	426
NC_063221.1	26000001	838904	838245	838311	838386	826923	836144	837393	836266	836373	836890	837414	832556	835541	42155	193185	837741	837150	836824	837401	838146	60079	123452	837702	84922	837090	837474	837444	836155	837734	825082	833297	836933	811631	827950	97816	837044	41982	836928	837102	837358	837409	833669	836995	836493	837630	836729	837282	836221	831786	835815	118956	836669	838208	837094	837863	837006	825979	257292	834409	837223	95922	269125	837506	819785	834478	837837	77261	124303	838640	835777	836766	838148	78219	837529	837651	132243	838395	838480	837744	838267	809939	835704	115127	367444	837092	837222	838300	838321	835991	838017	838255	838396	838252	838082	838465	832586	838275	838170	831730	778574	835896	834069	838110	838606	836304	837819	566606	838277	761320	752851	668835	832846	838088	302267	361115	837752	790112	824050	342595	532799	724742	838141	838649	833142	838646	835730	836853	836719	89726	838496	377259	834413	814002	837084	836199	837342	838713	835222	832595	836671	636212	837913	806757	836397	836704	838153	837350	700572	838056	834051	837088	837587	837819	838246	838065	838537	836793	716015	782135	835386	795667	792813	825803	837454	687646	832362	824550	789937	832739	555585	814386	779682	824921	783527	825903	820197	473	567	542	621	713	668	455	695	753	2	1	282	0	16	709	286	513	725	746	37	51	2	2	735	712	65	682	583	430	633	291	609	64	9	696	24	522	285	688	66	2	292	721	474	659	289	0	662	64	4	284	293	672	745	708	1	104	598	356	5	100	129	297	491	704	28	41	688	1	723	292	0	1	657	0	776	724	585	582	637	705	58	75	289	736	588	358	691	63	470	567	706	538	546	652	1	584	59	277	546	1	709	747	692	749	4	769	58	498	1	0	351	178	0	1	589	107	1	378	2	689	715	599	352	61	462	499	59	0	257	657	0	565	0	2	743	503	265	711	5	0	1	734	1	746	1	234	473	449	735	733	735	2	739	707	644	521	286	0	297	287	506	283	377	668	269	61	0	274	250	651	610	284	314	215
NC_063221.1	27000001	850213	849409	849564	849580	846845	847669	848756	847753	848364	847482	846621	849492	848900	89008	397465	846790	849746	846553	849004	849677	143292	250895	848222	202343	848422	847026	849036	848080	849275	838944	848340	848319	849524	847267	208384	848518	111533	848423	848413	848666	846470	847962	848592	847913	849042	848342	848877	847610	846110	847316	218588	848158	849640	848391	848755	848683	848055	449209	848187	846141	216819	385104	848922	837121	846796	849373	147738	185378	849777	847205	849044	849660	133798	849084	848811	214535	847949	849771	846362	849603	847157	847336	212947	467817	849026	848882	849595	849539	847361	849454	849451	849664	849509	849422	849853	849621	849656	849628	840188	812036	848189	840307	849702	848071	846142	849209	637937	847056	801724	791857	729520	847102	848158	321388	417308	848183	818976	840016	422916	619059	767606	847750	849254	846836	850025	845577	848550	848128	126978	849892	446227	846577	834300	848954	848083	845545	848467	847539	835476	848432	692568	849398	832195	849198	848045	848299	849090	747796	849532	844951	846688	849078	849092	849569	849375	849891	848469	763050	820322	847463	829311	824355	833393	848342	751535	845261	843049	821934	846001	640450	837228	814859	842073	811270	842648	834444	313	645	645	666	196	659	307	581	431	244	1	264	8	25	527	102	430	192	198	27	39	1	15	194	526	267	512	593	312	357	103	528	269	35	511	43	440	105	574	267	234	101	350	310	348	103	232	514	257	14	100	0	664	197	583	0	72	99	242	39	134	241	224	439	582	68	52	348	1	193	104	11	236	312	0	432	596	588	593	454	340	70	4	103	196	588	241	578	264	311	644	528	641	648	362	243	591	232	220	92	0	314	199	189	354	0	428	235	94	2	212	237	50	81	0	525	223	103	111	0	346	525	98	241	249	306	444	17	0	70	391	0	576	0	2	197	435	91	351	184	1	0	150	0	347	0	202	311	288	358	190	351	1	198	531	310	157	225	1	235	228	437	100	373	493	98	247	1	277	103	369	292	215	235	0
NC_063221.1	28000001	843274	842489	842847	842747	830138	840592	841691	840345	841766	841520	841076	842117	841823	64371	341193	840573	842543	839264	841763	842756	217628	207575	841891	268145	841349	840975	841906	840628	842044	819886	827203	841158	842757	829563	174285	841137	83093	841327	841403	841793	841157	841273	841127	841116	841790	841144	841629	840189	820972	840237	319459	840794	842515	841480	841023	841650	841937	434318	841288	840508	279330	513057	841782	829055	841118	842432	202670	331895	842637	841520	842085	842573	258663	842289	842124	273821	841919	842802	840727	842545	828032	840472	302948	594334	841685	841877	842765	842757	840990	842668	842626	842863	842551	842451	842931	842392	842603	842670	834176	826319	841758	835635	842706	841548	839651	842081	727220	841379	816202	792416	790891	841674	840983	444162	581562	840955	819054	837947	566406	714681	800963	841475	842197	841297	843012	838809	841603	841456	275561	842889	590402	840097	828777	841805	840996	838562	841800	840803	827647	841262	745411	842562	832658	842790	841443	842217	842248	779117	842405	839730	839967	841809	842173	842316	842426	842743	841498	772776	830553	841101	835378	830821	805837	841131	801226	839185	839430	824888	841002	725814	836515	828769	839759	802119	840178	832449	299	354	245	268	724	272	293	282	838	411	0	638	0	178	114	726	792	727	307	13	118	1	150	390	114	636	110	708	291	658	703	111	615	57	108	0	794	213	736	635	401	702	644	298	656	702	395	125	615	154	697	1	391	723	282	1	279	35	408	125	176	403	390	796	301	55	147	299	472	734	715	172	407	297	0	401	283	82	712	110	299	230	330	706	732	723	412	277	636	300	352	115	350	355	666	411	716	581	386	35	0	299	744	692	652	0	476	608	736	1	633	399	272	206	136	250	385	212	591	0	301	113	32	412	594	297	795	223	0	500	2	0	80	0	21	0	781	606	637	328	0	1	0	0	302	1	360	300	291	657	393	658	1	740	112	297	649	391	1	400	385	771	211	736	124	553	614	1	642	543	794	296	369	398	1
NC_063221.1	29000001	843313	842745	842711	842737	839703	840420	841853	840727	841517	842122	841527	842465	841877	54199	355680	841240	842606	839862	841795	842753	170925	173420	842042	232900	841546	841580	841946	841167	841826	839819	841333	841630	842603	840366	143120	841565	62017	841282	841705	841692	841565	841333	841263	840523	842193	840980	841395	840426	840793	840615	282908	840860	842579	841783	842332	841475	842011	455807	841606	841269	263519	495902	842031	836532	841000	842485	173277	304742	842910	841781	842258	842649	205986	842290	842123	262373	842005	842788	841146	842333	840407	840885	259956	604100	841834	841852	842552	842814	840634	842626	842748	842822	842781	842595	842928	842594	842757	842638	834948	826403	841333	836453	842804	842934	840875	842272	717704	842006	817330	810717	786357	841870	842383	419007	553995	842235	821787	835830	549809	721363	793972	842168	843100	841606	843156	840443	841804	841643	215171	842955	578332	840694	834952	841906	841142	842232	843030	840554	832123	841597	745188	842856	833661	842766	841384	842290	842459	777886	842541	841013	840845	842102	842428	842812	842537	842993	841698	798144	830955	841505	837302	831094	812878	842043	803613	840179	839997	830789	841043	733101	837468	826599	840204	821245	839686	833017	0	661	662	647	902	650	1	643	933	46	0	615	0	132	44	621	670	907	45	2	89	45	61	45	494	695	44	615	1	924	654	45	687	63	44	1	610	69	834	701	1	588	902	2	574	583	1	0	676	0	576	45	1	932	652	45	155	692	46	98	1	1	41	685	657	45	102	1	664	915	587	69	46	1	63	0	664	601	613	43	1	163	557	588	894	617	46	640	621	2	663	0	659	664	930	46	589	649	568	678	0	2	907	864	920	3	228	655	641	38	690	46	300	18	921	616	1	17	719	0	1	45	696	47	671	0	682	162	0	518	3	453	571	0	45	45	677	592	909	38	1	43	0	0	1	4	1	518	0	923	42	928	0	411	45	1	375	44	45	47	45	425	109	160	3	463	589	45	516	456	888	1	41	20	44
NC_063221.1	30000001	834602	833926	833873	833704	830198	831269	833049	831645	832670	833366	833381	833730	833315	72751	398914	832849	833813	830441	832782	833828	246895	228753	833395	310240	832431	833330	832841	831706	832950	827014	832418	832201	834012	830501	185789	832516	91906	832320	832509	832755	832813	832348	832208	831744	833194	832149	832702	831521	829758	831442	346790	832012	833628	832555	831922	832471	833324	512893	832709	832927	331695	518531	833079	827487	831639	833697	222681	333363	833826	832760	833151	833773	255755	833310	833253	316444	833733	833890	832901	833611	832104	831642	308294	607268	832765	833011	833833	833782	831705	833746	833741	833974	833830	833708	834061	833657	833768	833717	824814	815377	832897	826837	833995	833342	831525	833431	713414	833212	806380	800138	775309	832738	832952	433330	555362	832853	812223	827815	557905	712034	785373	833586	834040	832763	834396	830428	832918	832644	247796	834107	578027	831267	826304	833153	832347	831949	833749	831906	817794	832447	734496	833957	824477	833524	832405	833834	833421	767288	833703	831000	832313	832871	833384	833807	833415	834150	832949	784371	819988	832161	826194	821556	801780	832733	791582	830683	831358	820194	831948	719678	828067	819047	831062	810723	829833	823702	0	562	284	666	546	669	269	592	737	636	361	673	35	186	727	416	546	542	544	152	18	575	149	713	288	557	702	309	265	557	278	128	550	81	699	14	418	356	209	556	107	391	543	1	48	394	265	0	546	3	395	383	265	597	597	392	260	340	591	223	115	269	608	675	672	21	171	270	94	597	311	77	272	268	86	80	280	283	309	535	265	121	342	311	282	237	627	279	419	0	559	218	531	565	565	274	288	499	90	215	1	0	93	90	559	0	1	683	678	504	557	268	191	350	712	272	254	390	435	0	272	543	250	275	525	0	715	128	96	76	257	331	292	1	631	723	706	236	543	536	263	554	358	0	271	107	0	556	0	551	564	552	218	573	546	268	510	607	559	266	607	273	373	1	263	335	649	549	448	332	526	263	593	263	247
NC_063221.1	31000001	780412	779271	779723	779542	772173	777390	778758	777575	778809	778529	778551	779452	779197	74987	434363	777035	779526	775627	778805	779496	343359	259249	778691	391102	777852	778211	778590	777212	778887	766603	775572	778056	775435	776074	215697	778185	99492	777919	778040	778849	777964	778453	778038	777851	779108	777476	778395	777166	768665	777423	421516	777894	779589	778159	776628	777966	778530	544236	779138	777395	421673	553183	778902	772867	778591	779603	276296	420129	779570	778565	778863	779808	326862	779532	778969	417040	778880	779651	777648	779615	775356	777746	392348	620822	778274	778639	779668	779639	777057	779212	779398	779367	778985	779720	779903	779703	779745	779608	771173	768095	778908	771424	779831	778647	776928	779195	701404	778391	758329	740559	739864	778791	778425	459166	601562	778386	759317	774349	569997	697100	749100	778787	779645	778890	780127	776197	779137	777933	326199	779692	602421	777362	771462	779204	778147	777670	779299	777596	764417	778873	705463	779609	771865	779613	777656	779009	778710	728119	779612	777642	776945	778323	779305	779276	778770	779814	778659	732254	771403	778466	775848	769700	745496	778745	755709	777078	777817	767557	777685	708487	775610	769476	778132	750345	777434	771669	321	568	612	787	546	768	765	735	654	701	704	491	36	197	679	627	518	552	787	207	138	560	187	613	566	552	611	569	774	556	525	2	554	99	761	70	629	686	550	561	769	486	370	8	677	403	770	5	546	215	483	739	774	448	701	495	328	651	704	266	383	765	681	541	785	149	236	781	698	452	378	130	0	775	0	784	698	692	232	775	772	7	263	372	400	622	612	586	625	0	570	442	1	392	381	0	565	109	674	551	4	0	669	681	561	0	157	632	649	525	498	0	133	458	629	675	753	497	511	347	783	162	399	0	528	0	630	213	708	495	750	2	389	288	684	629	633	121	548	633	769	553	706	147	784	559	2	557	0	554	563	561	446	559	745	766	282	678	565	510	689	540	719	178	769	643	551	613	472	649	353	769	661	764	0
NC_063221.1	32000001	728489	726809	727595	727682	707656	725551	726662	724872	725941	726352	726026	723484	727351	85521	460948	724905	721676	722738	725607	727576	519633	327361	726442	540155	726139	726189	726211	725800	726546	708760	710435	725384	688408	718279	312457	726365	137103	725126	726025	726538	725259	725387	725437	725799	726812	725576	725474	724733	690323	724980	534071	725664	726654	725855	720219	725620	714908	603206	724603	724452	551731	581915	727241	710843	726621	727695	424008	527697	727646	726804	726611	727481	472923	727433	726636	512127	727107	727835	725461	727514	691952	726209	507398	584965	726204	726030	727481	727491	725326	726834	726723	727538	726535	727559	728019	726945	727593	727299	720240	720463	726370	719437	727842	726387	724004	727100	658829	726186	708189	682108	702396	726750	726402	503089	623363	725283	709338	724213	593340	665866	705593	726342	727618	727069	728158	724058	726735	726416	442993	727025	605503	725339	716452	727179	726531	724233	727256	725609	709252	726632	667821	727725	719547	727777	725033	726881	726258	684501	727492	724825	724228	726362	727357	727387	726326	727162	726322	669798	723591	725987	726135	720289	694156	725827	712617	723306	726062	719162	725098	671267	722767	721684	726265	684995	725271	717874	775	313	432	684	743	743	761	763	655	314	310	754	51	315	543	580	711	698	104	150	38	56	350	255	754	739	259	693	101	746	527	569	751	241	101	26	565	299	741	749	748	98	522	748	534	1	759	587	715	2	745	778	736	1	566	278	434	558	312	449	456	102	292	740	103	251	466	105	537	0	533	279	0	770	0	105	311	312	3	688	102	474	388	180	0	758	432	414	640	506	315	588	2	2	541	2	753	3	524	735	382	0	488	518	748	2	648	632	94	506	641	2	369	457	559	312	100	602	426	523	105	660	483	0	700	2	644	55	56	43	718	0	0	101	300	227	632	236	733	679	131	51	313	564	105	55	0	132	517	744	542	744	649	593	1	760	509	740	653	754	750	712	715	729	622	2	751	734	676	0	304	103	706	100	2
NC_063221.1	33000001	312146	311668	311900	311622	308482	310762	311485	311035	311490	311328	311022	311605	311385	41414	187778	310496	311592	309500	311049	311826	123827	126887	307655	142195	311345	311162	311270	311151	311353	306199	311474	310720	310958	308321	109359	311244	54127	310966	311283	311008	310854	311292	306362	310491	311266	310827	306595	310933	309071	310376	141096	310480	311727	310561	306380	305766	307778	224019	311329	310475	148785	188208	311587	308671	310694	311887	102430	130816	311882	310305	307324	311759	105348	311637	311554	144290	311543	311895	310944	311844	311048	310786	132849	213595	311519	307330	311796	311435	310770	311785	311710	311948	311335	311716	311961	311889	311896	311727	308833	300036	310960	308114	311832	311284	310372	311151	242236	311067	294561	291712	274607	310803	311264	154241	182643	310823	296592	307848	183397	238638	285391	311320	311521	310927	311904	310261	311451	310712	89682	307715	189349	310369	302536	311394	311287	310721	311640	310398	306761	311231	260976	311610	300382	311682	310256	311609	307342	279142	311712	309318	309883	311092	311456	311552	311553	307853	311238	285950	301261	310940	304669	304275	303495	311124	285011	309907	305455	302806	310406	247008	303038	297271	309541	297778	309448	306297	145	0	191	143	190	190	139	142	191	0	0	191	12	78	192	138	186	236	1	0	0	0	72	0	191	190	0	240	1	192	189	145	188	49	2	0	241	2	191	189	138	0	182	188	190	0	142	144	185	0	188	147	190	2	0	0	106	244	0	57	66	0	1	186	1	42	61	4	188	0	192	52	1	145	0	1	1	1	1	142	2	41	109	1	0	193	192	187	245	145	1	240	1	1	194	0	190	3	172	183	175	2	190	179	191	4	190	171	0	150	188	1	62	95	243	1	0	95	133	160	1	191	190	2	179	1	179	0	1	4	143	5	2	0	2	0	181	0	181	147	1	1	2	228	1	0	1	1	183	186	190	185	189	239	1	144	213	170	143	183	172	189	141	163	139	4	176	142	134	5	1	1	173	1	1
