chrom	window_start	sites_total	calls_AL101	calls_AL102	calls_AL103	calls_AL114	calls_AL119	calls_AL120	calls_AL121	calls_AL124	calls_AL125	calls_AL127	calls_AL129	calls_AL133	calls_AL134	calls_AL137	calls_AL138	calls_AL141	calls_AL142	calls_AL143	calls_AL146	calls_AL149	calls_AL153	calls_AL155	calls_AL156	calls_AL159	calls_AL160	calls_AL162	calls_AL166	calls_AL170	calls_AL173	calls_AL174	calls_AL175	calls_AL176	calls_AL177	calls_AL178	calls_AL180	calls_AL181	calls_AL182	calls_AL184	calls_AL185	calls_AL187	calls_AL189	calls_AL193	calls_AL196	calls_AL197	calls_AL199	calls_AL200	calls_AL201	calls_AL204	calls_AL207	calls_AL208	calls_AL209	calls_AL210	calls_AL213	calls_AL215	calls_AL216	calls_AL220	calls_AL223	calls_AL231	calls_AL238	calls_AL241	calls_AL242	calls_AL243	calls_AL244	calls_AL246	calls_AL254	calls_AL255	calls_AL256	calls_AL263	calls_AL266	calls_AL269	calls_AL272	calls_AL273	calls_AL274	calls_AL276	calls_AL278	calls_AL279	calls_AL283	calls_AL284	calls_AL288	calls_AL292	calls_AL300	calls_AL303	calls_AL304	calls_AL307	calls_AL309	calls_AL313	calls_AL32	calls_AL35	calls_AL75	calls_AL82	calls_AL86	calls_AL88	calls_AL91	calls_AL92	calls_AL95	calls_AL97	calls_AL99	calls_K1423	calls_K1461	calls_K1542	calls_K1544	calls_K1567	calls_K1579	calls_K1580	calls_K1583	calls_K1603	calls_K1606	calls_K1608	calls_K16100	calls_K1614	calls_K1617	calls_K1618	calls_K1623	calls_K1627	calls_K1632	calls_K1640	calls_K1650	calls_K1660	calls_K1663	calls_K1665	calls_K1669	calls_K1672	calls_K1680	calls_K1684	calls_K1693	calls_K1696	calls_K17007	calls_K17008	calls_K17010	calls_K17013	calls_K17014	calls_K17025	calls_K17028	calls_K17030	calls_K17032	calls_K17033	calls_K17034	calls_K17035	calls_K17037	calls_K17040	calls_K17042	calls_K17044	calls_K17045	calls_K17048	calls_K17052	calls_K17053	calls_K17056	calls_K17062	calls_K17064	calls_K17073	calls_K17077	calls_K17078	calls_K17081	calls_K17083	calls_K17087	calls_K17091	calls_K17094	calls_K17098	calls_K17099	calls_K17101	calls_K17102	calls_K17103	calls_K17104	calls_K17106	calls_K18010	calls_K18017	calls_K18019	calls_K18022	calls_K18034	calls_K18078	calls_K18083	calls_K18084	calls_K18091	calls_K19018	calls_K19019	hets_AL101	hets_AL102	hets_AL103	hets_AL114	hets_AL119	hets_AL120	hets_AL121	hets_AL124	hets_AL125	hets_AL127	hets_AL129	hets_AL133	hets_AL134	hets_AL137	hets_AL138	hets_AL141	hets_AL142	hets_AL143	hets_AL146	hets_AL149	hets_AL153	hets_AL155	hets_AL156	hets_AL159	hets_AL160	hets_AL162	hets_AL166	hets_AL170	hets_AL173	hets_AL174	hets_AL175	hets_AL176	hets_AL177	hets_AL178	hets_AL180	hets_AL181	hets_AL182	hets_AL184	hets_AL185	hets_AL187	hets_AL189	hets_AL193	hets_AL196	hets_AL197	hets_AL199	hets_AL200	hets_AL201	hets_AL204	hets_AL207	hets_AL208	hets_AL209	hets_AL210	hets_AL213	hets_AL215	hets_AL216	hets_AL220	hets_AL223	hets_AL231	hets_AL238	hets_AL241	hets_AL242	hets_AL243	hets_AL244	hets_AL246	hets_AL254	hets_AL255	hets_AL256	hets_AL263	hets_AL266	hets_AL269	hets_AL272	hets_AL273	hets_AL274	hets_AL276	hets_AL278	hets_AL279	hets_AL283	hets_AL284	hets_AL288	hets_AL292	hets_AL300	hets_AL303	hets_AL304	hets_AL307	hets_AL309	hets_AL313	hets_AL32	hets_AL35	hets_AL75	hets_AL82	hets_AL86	hets_AL88	hets_AL91	hets_AL92	hets_AL95	hets_AL97	hets_AL99	hets_K1423	hets_K1461	hets_K1542	hets_K1544	hets_K1567	hets_K1579	hets_K1580	hets_K1583	hets_K1603	hets_K1606	hets_K1608	hets_K16100	hets_K1614	hets_K1617	hets_K1618	hets_K1623	hets_K1627	hets_K1632	hets_K1640	hets_K1650	hets_K1660	hets_K1663	hets_K1665	hets_K1669	hets_K1672	hets_K1680	hets_K1684	hets_K1693	hets_K1696	hets_K17007	hets_K17008	hets_K17010	hets_K17013	hets_K17014	hets_K17025	hets_K17028	hets_K17030	hets_K17032	hets_K17033	hets_K17034	hets_K17035	hets_K17037	hets_K17040	hets_K17042	hets_K17044	hets_K17045	hets_K17048	hets_K17052	hets_K17053	hets_K17056	hets_K17062	hets_K17064	hets_K17073	hets_K17077	hets_K17078	hets_K17081	hets_K17083	hets_K17087	hets_K17091	hets_K17094	hets_K17098	hets_K17099	hets_K17101	hets_K17102	hets_K17103	hets_K17104	hets_K17106	hets_K18010	hets_K18017	hets_K18019	hets_K18022	hets_K18034	hets_K18078	hets_K18083	hets_K18084	hets_K18091	hets_K19018	hets_K19019
NC_063222.1	1	8082	7840	7362	7882	7900	7021	7042	7690	7889	8025	7985	7705	8005	1818	3155	7937	8038	7633	7759	8033	4692	5299	8056	4506	7756	7864	7768	7620	7916	7897	7990	7795	7714	7972	5068	7716	2062	7780	7789	7549	7929	7669	7714	7703	7875	7801	7920	7720	8022	7647	2815	7887	8029	7793	7498	7728	7543	6715	8008	7825	4503	4209	7871	7902	7809	8034	3403	4538	8023	8028	7812	7955	4196	7840	7888	2593	7974	8054	7961	7923	7503	7784	5148	6978	8012	7863	8063	7865	7448	8014	7128	7994	7852	8008	7931	8019	7941	8012	7277	7743	7856	6897	7965	8051	7656	7866	7286	7964	7838	7830	7360	7180	7484	4817	6157	7527	7517	6681	6374	7323	7283	7966	7819	7995	8054	7389	7810	7489	3811	8009	6872	7314	7593	7807	7829	7516	7840	7801	6699	7740	7707	7413	7995	8070	7633	8008	7658	7607	7876	7608	7724	7709	7561	7900	7894	8050	7843	7700	7640	7897	7994	7918	7379	7337	7778	7945	7983	7891	7329	7443	8040	7732	7730	7707	7829	7107	0	1	0	1	1	1	1	0	1	1	1	1	0	0	1	1	0	1	1	1	0	1	0	1	1	0	1	1	0	1	1	1	0	1	1	1	1	1	0	1	1	1	1	1	1	1	1	1	0	0	0	0	1	1	1	0	0	1	1	0	1	0	1	0	0	1	1	1	1	1	1	0	1	1	1	1	0	1	1	1	0	0	1	1	1	1	1	0	1	1	1	0	0	1	0	1	1	1	1	0	1	1	1	1	1	0	1	0	1	1	0	1	0	1	1	0	0	2	0	1	1	0	0	0	0	1	0	0	1	0	1	1	0	0	0	1	0	0	1	1	0	1	1	1	1	0	1	1	1	1	1	0	1	0	1	0	1	0	1	1	0	1	0	1	0	1	1	0	1	1	1	1	0	1	1
NC_063222.1	1000001	32343	31869	31758	32214	32051	29893	31214	31180	31912	31744	31968	32224	32186	7775	22596	31629	32213	30551	31714	32127	20787	16966	32067	21001	31818	31711	31474	30838	31718	30168	29689	31187	31320	32037	18502	31801	12167	31459	31728	31590	31945	31802	31694	30675	31695	31232	31576	31444	30632	31279	19048	31479	32123	30967	30060	31218	31829	25538	32180	31168	21412	22451	31753	31516	31813	32142	15713	20661	32245	31949	32035	31990	18364	31952	32020	21406	32057	32049	31522	31935	30881	31664	20544	23249	31617	32047	32176	32113	31247	32047	31194	32233	31954	32211	32282	32136	32016	32027	29456	29654	31476	28997	32026	31128	29812	31811	28971	31502	31009	30014	29936	31079	29283	19931	25236	30712	31199	27931	24201	28887	28994	32045	31538	32077	32137	30518	31760	31516	18139	32217	25050	30389	31085	32022	31835	29731	30799	31382	26655	31326	28932	30425	31644	32271	30677	31834	31643	29111	32014	30133	30959	31909	31484	32040	31948	32155	31361	30929	31207	31791	31699	31671	28636	30141	31619	31284	32137	31453	31030	28714	32019	31181	31896	27778	31484	28049	6	8	0	0	7	9	0	2	0	0	0	0	1	8	0	0	0	0	0	2	0	0	0	0	0	0	0	0	0	0	0	0	0	1	1	0	0	0	0	0	0	0	5	0	2	0	0	0	0	5	2	0	0	0	0	0	0	0	0	0	0	0	0	0	0	0	0	0	0	0	6	0	2	0	5	0	0	0	1	0	0	1	1	0	2	0	0	0	4	9	0	0	0	0	4	0	4	0	0	0	3	0	0	4	0	0	0	1	0	1	1	1	0	1	0	0	0	0	1	0	0	0	2	1	1	0	1	1	1	2	1	8	0	0	1	0	1	0	0	0	1	0	1	3	0	0	0	0	0	0	0	5	0	0	0	1	1	1	0	0	0	0	1	0	1	1	9	1	1	1	1	0	1	1	1
NC_063222.1	2000001	561747	559780	559892	560791	556716	556836	558054	558076	560308	560014	560402	561222	560864	52342	279122	559847	561237	553397	559880	561231	169859	172291	560768	216191	559321	560082	559929	558508	560214	550063	556554	558742	549771	558764	142649	559339	67200	558637	558842	559694	559352	559348	558746	558277	560010	558326	559544	558230	548041	557944	224714	558761	560579	558640	555434	558005	560940	354455	560541	559283	212729	349307	560002	553171	559718	560896	143477	216662	560627	559264	560293	560426	169098	560087	559670	199405	560962	561130	560344	560576	557975	558974	202265	402915	559385	560092	561176	560672	557990	560343	559202	560801	560554	560748	560955	559556	560605	560613	551509	549715	559769	551865	560724	559685	556604	559637	483881	559657	544385	537871	525556	558768	557296	301341	375594	558740	547615	551972	383515	483765	533038	560669	560147	559423	561208	556477	559455	559218	168875	561289	392795	557640	552974	559520	559521	556320	558705	557732	544514	558770	501185	559482	554462	561294	558166	560884	560421	522054	560670	557386	559251	559549	560006	560873	560631	561053	559689	527385	553202	559763	557066	552784	539445	558184	537203	557532	558853	550919	558267	491553	557023	551678	559091	542650	559031	550362	107	216	3	12	203	212	0	0	10	11	0	1	0	73	8	0	6	0	0	1	2	9	0	0	4	0	0	0	13	12	0	3	0	1	0	0	6	11	0	0	11	6	95	7	105	0	0	13	3	58	0	6	0	9	6	0	10	5	7	0	5	0	5	0	12	0	5	0	7	0	115	1	103	5	60	1	0	0	0	0	0	19	51	8	13	0	0	0	103	211	5	0	0	5	113	0	104	0	0	0	103	10	15	65	10	7	8	10	0	11	0	0	4	10	0	10	12	2	0	12	0	11	109	6	13	8	14	0	0	0	0	207	10	0	18	15	12	21	14	4	14	7	0	0	1	0	0	11	0	11	6	102	6	0	8	0	0	9	9	6	11	2	10	0	0	7	219	0	3	10	7	13	10	0	0
NC_063222.1	3000001	811092	810274	810403	810624	799298	808397	809351	808615	810034	809682	809531	808818	810266	86399	410456	808710	810640	804818	809719	810544	424565	283475	810054	459192	809280	809392	809358	808719	809958	779977	803308	808516	761360	802860	239015	809286	114337	809221	809231	809450	809003	809413	809406	808656	809762	809165	809638	808075	794124	808378	490864	808796	810327	809243	804544	809083	795088	600836	810143	808692	488197	608445	809939	799954	809432	810323	345863	495390	810251	809843	810180	810349	432097	809794	810002	438747	809855	810700	808960	810351	799062	808932	480525	659425	809485	809922	810574	810464	808364	810361	810111	810518	810321	810403	810729	810021	810501	810177	802498	803037	809822	803519	810501	810450	808532	809930	723198	809879	787929	766295	780189	810281	809574	551805	654183	809578	790184	806665	631322	730569	784445	810094	810670	810042	810751	807573	809587	809352	420575	810661	635160	808943	798740	809641	809156	807610	810579	808960	793509	809568	733500	810271	802600	810697	809246	810122	810152	760827	810400	808882	808265	809510	810285	810446	810272	810716	809584	753957	805787	809513	808070	803311	765810	809669	790250	807989	809091	800630	809414	737213	807421	803006	809257	775275	808906	802389	697	755	644	621	352	748	193	640	261	0	261	609	32	147	0	262	244	257	0	1	1	236	144	0	262	601	253	260	252	250	626	469	0	136	190	23	195	255	0	606	253	152	433	256	497	104	226	495	255	347	152	0	258	239	0	0	1	106	197	151	0	254	227	260	260	225	0	647	597	235	442	304	446	259	154	502	0	608	256	250	632	274	329	641	104	259	0	641	515	757	648	198	0	650	701	639	516	0	635	317	458	0	0	608	315	0	646	250	216	228	260	635	315	245	596	638	474	165	234	232	640	155	598	608	235	640	0	332	235	0	245	357	599	0	2	605	0	0	193	108	497	609	0	257	0	631	0	606	227	258	0	512	0	259	0	0	223	600	197	0	597	241	580	1	259	647	184	597	231	647	256	618	589	600	555
NC_063222.1	4000001	757497	755390	756508	756376	741866	752830	755431	753658	755921	755736	755937	748956	756272	82216	396439	755042	756690	749538	755456	756682	431784	281711	756044	480201	755085	755802	755300	754332	755824	729595	724329	753813	653836	747197	242734	754222	120879	754261	754754	755428	755053	755183	754564	754245	755745	754303	754970	753874	720778	754017	505000	754183	756134	755057	744535	754769	696713	550132	756178	754568	478592	589352	756026	736242	755698	756592	345419	519427	756253	755754	755999	756607	451574	756510	755999	422587	756009	756648	755113	755984	708518	754884	492409	612114	754848	755736	756704	756252	753659	756453	756137	756653	755810	756571	756716	755692	756072	756193	744602	748315	755662	746162	756581	754931	751610	755757	690682	755059	735494	705757	736181	755541	753164	575003	673088	754443	736413	750198	623505	697108	736765	755907	755729	756029	757082	752056	755392	754915	474375	757065	636537	754194	742836	755963	755356	749173	754805	754647	730376	754744	691241	755950	750934	756832	754668	756069	755638	706757	756488	753492	754011	755099	756129	756109	756178	756858	755843	692598	754109	755450	755400	748835	711516	754379	739587	754383	756079	746594	754856	697902	753545	751861	755648	710302	755087	744521	603	522	122	514	753	605	343	404	51	51	51	228	15	275	51	51	47	51	0	2	3	408	16	0	0	386	51	51	163	164	387	418	0	54	346	31	354	47	172	398	51	0	511	51	506	49	388	497	49	320	0	51	166	233	0	48	0	51	529	23	68	51	388	50	78	103	0	440	397	354	520	94	520	50	283	511	0	399	51	44	390	243	381	226	1	51	0	385	519	513	403	353	176	405	664	403	523	42	391	221	464	51	0	386	468	163	396	52	384	387	160	393	216	400	372	391	500	277	153	342	414	173	232	399	49	389	170	182	402	0	49	766	392	51	47	377	164	147	344	49	502	370	0	49	0	407	1	396	393	51	0	514	0	51	175	0	49	393	0	0	394	0	391	0	49	404	752	388	47	402	0	520	220	390	372
NC_063222.1	5000001	813275	812054	812629	812582	801201	810097	811531	810419	811604	810406	809630	804500	811860	80423	371367	808395	812598	807488	811598	811830	241954	273350	810756	293656	811306	807805	810900	810604	811996	792289	759532	810748	777695	799056	225310	811381	117390	811254	810574	811655	807967	811056	811012	810703	811586	810947	811283	809890	759520	810144	310821	811060	812363	810661	806924	811283	796415	452849	811396	808463	275839	465879	811848	789120	810484	811714	216440	308648	812486	810657	811985	812523	251281	812047	811966	268974	809974	812634	808749	812402	750858	810483	290202	499541	811367	811172	812791	812650	810355	812618	812328	812778	812604	812513	812823	809801	812543	812422	800311	794612	811556	801096	811930	808597	807914	810479	673677	808523	783068	746987	757392	811255	809383	449393	554265	809843	790962	805166	520011	671065	769740	810366	811503	811441	812451	807369	811482	811247	287083	812807	545034	809555	795141	810992	811192	803781	809755	810628	785620	811341	708272	811428	801006	812585	810961	811508	812111	746113	811831	809014	808325	811700	811648	812311	812361	812563	809827	732030	799240	811126	802827	796184	783924	809384	763403	809243	809668	794738	809720	684827	805702	796692	809051	747836	808104	798682	507	285	5	521	514	470	0	436	614	626	610	1	34	190	613	616	578	604	1	1	0	624	180	0	4	593	591	430	594	552	70	675	0	123	0	0	14	609	443	593	450	16	699	610	707	444	440	502	597	171	0	455	588	1	7	437	20	456	458	211	192	608	586	600	542	42	3	453	440	192	612	1	611	617	201	531	0	605	443	613	235	41	64	8	689	615	0	440	717	218	456	0	448	455	666	244	712	530	422	598	643	338	4	436	175	313	598	627	551	548	441	445	121	96	303	158	275	2	318	14	453	457	6	607	762	450	446	187	616	2	589	739	597	609	392	327	440	440	8	515	532	594	0	592	0	357	172	603	581	459	2	601	0	613	451	1	528	589	11	14	597	2	596	1	600	241	748	587	485	232	519	300	187	589	543
NC_063222.1	6000001	859286	858634	858871	858884	854509	856589	857852	856720	857650	858026	857827	858234	856968	50985	350454	857744	858547	855319	858004	858561	132483	181872	858022	181708	857600	857719	857941	856687	858367	850041	856117	857736	858625	855411	144233	857668	62090	857812	857604	857887	857615	857251	857705	857112	858149	857450	857891	856403	855381	856574	219431	857270	858789	857573	858388	857838	857808	389485	856507	857722	216248	450207	858092	850490	856531	858196	131021	232789	858890	857392	857989	858762	148943	858289	858194	214157	857967	859004	857764	858717	854335	857001	202796	521785	857972	857968	858809	858822	857165	858645	858756	859042	858812	858715	859037	858290	858901	858594	849103	839938	857448	851973	858417	858651	856915	858309	691339	858144	828893	821550	787528	857637	858184	383125	474850	857706	834238	852021	497315	689425	797927	858140	859074	857528	859016	855485	857829	857370	154221	858950	509423	855748	850244	857862	857250	857405	858741	856200	847135	857339	742110	857885	849574	858624	857282	858487	858060	786725	858604	856530	857289	858106	858163	858606	858372	858899	857187	802079	844729	857149	852285	843186	838858	857749	803546	854453	854943	841665	856529	710454	851765	840170	855383	828514	854144	846801	542	969	5	727	754	778	0	398	794	790	793	5	29	192	790	789	757	782	7	9	0	792	0	0	7	893	764	0	850	883	0	905	0	78	53	8	0	776	412	912	5	0	831	785	399	5	5	164	756	109	0	4	898	0	0	5	4	4	411	138	23	786	724	769	179	0	3	410	402	780	0	0	0	792	134	177	0	915	5	869	60	78	346	0	409	794	0	397	859	0	413	0	407	412	650	5	858	815	381	777	777	641	7	397	848	276	902	371	692	663	407	405	50	350	840	0	905	0	277	6	435	411	0	909	386	428	404	115	789	6	763	641	888	766	0	865	391	790	0	5	170	5	59	763	0	773	350	911	749	5	0	0	0	790	413	0	687	863	0	0	851	5	880	0	763	5	633	864	571	4	792	944	361	862	829
NC_063222.1	7000001	863715	863035	863136	863389	861568	860883	862271	861230	862361	862717	862297	862970	862755	38517	337941	862376	863047	859805	862399	863297	213150	154371	862993	271116	862028	862194	862288	861155	862732	860583	860711	861997	862633	860849	119824	861949	46925	862196	862257	862305	861833	861848	861835	861395	862623	861945	862123	860842	861119	860921	337597	861670	863065	861834	862585	862056	862890	463255	862471	861970	325314	533834	862341	858397	861282	862946	202406	346790	863310	862201	862636	863105	245229	862898	862592	321122	862599	863413	862362	863138	860721	861119	276734	640891	862372	862492	863319	863279	861663	862962	863150	863413	863256	863060	863411	862904	863339	863132	854613	846398	862061	855539	863197	863275	861480	862752	736179	862713	837423	833542	807595	861642	862637	445102	564667	862712	843095	856693	592558	736483	814729	862454	863510	862243	863459	860791	861399	861671	259587	863426	598465	860935	856743	862394	861563	862552	863422	860931	850077	862037	768304	863049	855347	863359	861612	862920	862805	803560	862967	861145	861911	862521	862799	863222	862994	863387	862264	817156	851219	861605	857086	850159	837105	862199	822748	859449	860811	851595	861449	757286	857849	846757	860055	841708	860338	853010	37	970	0	921	671	954	0	685	703	406	406	0	10	155	406	62	60	60	710	101	0	407	0	0	713	721	391	0	226	4	0	4	0	38	684	16	0	362	684	735	0	0	580	61	687	0	0	780	58	148	0	0	4	1	0	0	257	0	699	163	311	701	377	688	930	0	195	701	686	402	0	0	0	690	155	789	0	664	0	683	691	81	331	0	698	62	0	681	586	0	697	0	690	702	732	0	589	679	666	389	540	528	709	671	583	360	4	445	55	336	463	682	2	269	574	0	894	0	566	630	4	701	0	708	450	4	687	168	701	419	672	712	660	685	0	594	444	634	0	0	927	2	705	389	0	399	623	700	61	0	0	0	0	402	694	336	641	675	0	335	680	718	650	298	677	0	716	347	43	0	548	905	650	692	651
NC_063222.1	8000001	843736	843233	843303	843370	834210	841431	842284	841381	841618	841495	840480	840129	841523	56075	265179	840818	842754	841292	842435	843167	95293	171775	841709	134413	842080	841115	842409	841364	842678	830895	838393	842071	832605	834989	133007	841932	60922	842160	842151	842475	840705	839869	841995	841408	842614	841720	842289	841187	836381	841001	166428	841868	843128	842140	843023	842081	834931	335815	840618	839818	150573	336442	842147	827917	840408	842806	109365	156470	843486	841522	842067	843303	102827	842609	842641	179261	841504	843531	840427	843306	827864	840794	152567	417832	842208	842365	843363	843314	841562	843108	843158	843447	843266	843136	843491	841048	843309	843152	835198	803014	840889	836807	842942	843137	841265	842575	611089	841636	784553	772752	714747	839596	842334	311750	388354	842408	807662	831055	387750	575369	755149	841479	843404	839966	843544	840133	842194	841930	115354	843449	417867	839137	826332	842113	841350	840941	843026	840112	833697	841695	675518	842870	821854	842231	841303	842053	842507	733274	842956	838358	839966	842637	842546	843038	842849	843423	841774	743562	805786	840224	818839	812980	829474	841856	735905	837468	835836	809171	839491	608822	827836	803467	834828	791572	834131	828929	604	614	0	594	3	614	0	3	3	605	597	0	25	1	607	608	594	605	612	1	0	606	0	1	611	605	585	1	3	5	0	5	0	63	2	0	0	1	3	607	0	2	597	602	2	0	0	723	591	1	1	0	5	0	1	1	163	0	2	2	163	595	553	3	619	0	79	2	2	599	2	0	1	602	97	751	1	3	1	637	2	1	215	0	3	613	1	2	611	1	2	1	3	2	599	0	611	555	4	590	575	3	614	2	600	0	4	0	489	453	0	2	2	226	598	0	559	0	2	488	5	3	1	612	0	4	3	1	2	238	565	568	3	3	1	610	0	518	0	3	733	2	2	574	0	594	0	608	585	0	0	1	2	602	3	1	2	557	1	1	544	599	3	0	570	1	559	1	366	1	549	586	2	569	535
NC_063222.1	9000001	838372	837808	837838	837993	829737	835891	837042	835960	836181	836689	836863	834497	835131	43612	210277	837262	836678	836496	837128	837756	57125	131525	837198	80727	836984	837534	837017	835926	837428	829118	833159	836545	814062	828061	103810	836637	44169	836573	836689	837035	837189	833984	836644	836102	837136	836192	836971	835801	829138	835290	122205	836333	837801	836910	838035	836663	826853	271194	833688	837357	106534	272556	836871	819773	834322	837545	72548	115505	838222	836399	836634	837911	64075	837064	837081	139233	837565	838148	837441	837940	818339	835581	109505	367098	836792	836876	837977	837792	835994	837524	837883	838094	837623	837495	838088	834178	837908	837625	831053	794740	835733	832214	837494	837885	835638	837333	582469	837622	775820	764765	697155	833863	837441	287194	346293	837059	795612	826692	339247	553774	741377	837688	838071	834288	838124	834990	836688	836258	79957	838077	369176	834150	816632	837071	836279	837170	837986	835261	831351	836386	647232	837457	814626	836718	835969	837793	837358	714890	837766	834201	836864	837308	837354	837808	837552	838094	836373	730650	797812	835373	811508	803977	826720	836949	713414	833658	827734	800935	832178	579448	820154	794477	829536	793218	828605	822281	596	591	1	555	2	583	0	3	2	591	572	1	4	0	594	580	569	581	591	0	0	586	2	0	592	583	572	0	2	2	1	3	1	21	2	0	0	0	4	596	3	0	574	583	3	1	1	70	574	0	0	1	2	0	0	1	87	1	3	0	10	572	506	3	595	0	32	3	2	576	0	0	0	579	45	75	0	3	1	63	2	1	161	0	4	596	0	3	590	0	3	0	3	3	566	1	590	541	3	572	539	1	595	3	588	2	3	0	468	412	1	4	0	154	585	0	525	0	2	463	3	3	0	592	0	3	2	1	2	167	561	531	3	2	0	595	1	528	1	3	71	2	3	564	0	576	3	590	555	2	0	0	0	590	3	0	1	519	0	1	509	569	3	0	566	1	527	0	315	1	522	562	3	558	538
NC_063222.1	10000001	835754	834993	835182	835313	829279	833100	834408	833143	834033	834024	833794	833402	833588	52205	272025	833769	834779	832796	834235	835066	111490	169663	834066	145066	834170	833620	834437	832986	834652	821181	832053	834228	828552	828338	128184	833811	59849	833534	833902	834450	833882	832775	833722	832805	834449	833736	834168	832938	829181	832635	190219	833500	835027	834045	835062	834047	829830	352777	832947	833632	172668	373767	834238	823708	832406	834857	121406	185131	835396	833510	834252	835298	119834	834591	834575	187106	833983	835409	833671	835285	823492	832617	172272	451172	834191	834408	835232	835279	833211	834736	835015	835168	834931	834858	835447	833502	835216	834940	827346	797274	833107	828729	834720	835345	833167	834661	618497	834341	782543	779209	715936	832427	834879	310042	418745	834686	803517	825167	414341	602690	749391	834416	835467	832056	835533	832452	834024	833731	131337	835527	434790	832433	821354	834409	833401	834232	835203	832613	826314	833359	675209	834498	816468	834348	833341	834832	834571	734864	834969	831638	832935	834499	834826	834986	834859	835374	833444	746732	800045	832803	809965	806796	819234	834034	736387	831059	828699	805302	831341	627483	820213	797761	828364	797570	828360	821087	583	590	4	572	2	579	0	4	10	592	576	1	29	0	583	579	563	562	581	0	1	584	0	1	591	572	564	1	10	15	0	12	0	71	2	0	7	2	4	582	5	8	562	582	11	1	0	13	567	0	0	9	4	4	6	0	177	10	13	0	3	574	532	2	587	2	88	4	12	571	3	2	0	572	96	4	0	4	0	1	3	2	246	7	10	582	0	6	578	0	9	0	4	12	586	1	578	533	4	556	534	8	592	3	582	10	12	9	491	467	0	5	1	233	565	8	535	0	3	500	4	12	7	591	5	12	8	0	2	253	548	540	10	3	9	586	7	515	9	6	11	10	2	544	0	568	7	586	548	7	5	0	8	571	8	0	1	550	3	8	527	574	12	3	557	6	547	0	402	8	525	557	9	554	517
NC_063222.1	11000001	780105	779601	779498	779704	778407	777223	778667	777846	778484	779562	779198	778603	778755	48819	301042	779228	779438	776594	778410	779604	112013	173577	779478	154015	778523	779548	778928	777749	779119	778130	777095	778304	778216	777488	127444	778615	56905	778329	778672	778858	779086	777469	778509	777451	778822	778148	778714	777497	776697	777232	190495	778225	779584	778508	779034	778383	777566	351145	778390	779188	176661	351574	778583	768352	776729	779371	114004	184191	779836	777792	778749	779686	130944	779128	778895	197274	779066	779842	779499	779663	772808	777752	172761	416692	778866	778728	779663	779458	778176	779346	779478	779755	779536	779641	779810	778954	779591	779381	772506	748863	778291	774299	778984	779427	777773	779083	584347	779429	734452	726555	679286	777210	778819	330589	383592	778866	752929	769993	392008	570615	707755	779676	779634	777407	779857	776795	778575	778191	127814	779825	408292	776876	765196	778783	777909	778584	779325	777365	769639	778215	639419	778348	765551	778825	777746	779745	779010	691274	779459	776430	778784	779092	779209	779511	779240	779842	777653	698813	752620	777522	762723	754677	765659	778810	693475	774320	773089	755630	776533	588273	768242	750938	773859	744632	773802	767898	628	630	1	620	0	621	0	0	0	628	621	1	15	0	628	627	593	605	627	0	0	626	0	0	630	613	605	0	0	0	0	0	0	71	0	0	0	0	0	625	1	0	598	623	0	1	1	2	608	0	0	1	0	0	0	1	209	1	0	1	1	605	559	0	626	0	112	0	0	616	0	0	0	613	106	2	0	0	1	2	0	0	264	0	1	629	0	0	622	0	0	0	0	0	624	1	623	574	0	617	568	1	630	0	615	0	0	1	535	493	0	0	0	254	612	0	585	0	2	516	0	0	0	628	0	0	0	0	0	294	597	573	0	0	0	625	0	544	0	6	2	1	2	602	0	621	5	624	587	1	0	0	0	625	0	0	0	561	0	0	570	604	0	0	585	1	570	0	410	1	561	602	6	599	565
NC_063222.1	12000001	833067	832577	832620	832730	829423	830602	831471	830808	831173	830908	830752	831363	831154	47983	258821	830583	832080	830213	831615	832382	92964	163707	831362	123599	831467	830419	831668	830688	832111	825643	829152	831416	828021	829387	124878	831385	53006	831283	831557	831822	830293	829909	831444	830554	831901	831350	831796	830323	827719	830371	160694	831078	832563	831444	832518	831726	828656	351233	830742	830283	155083	309043	831669	816337	829044	832173	102193	139942	832848	830552	831357	832592	95528	831782	831724	170433	831149	832808	830533	832680	826736	830179	143886	399712	831788	831716	832581	832657	830918	832382	832478	832793	832637	832611	832719	831703	832671	832375	824229	788169	830462	825718	832000	832393	830171	831876	575304	831453	769804	759742	686982	828900	831618	286406	340329	831612	795375	820713	356571	545684	733329	831623	832668	828847	832795	829405	831560	831411	97276	832765	380124	829069	815986	831594	830586	830629	832467	829891	821616	830886	651676	831870	808857	831694	830126	832018	831735	712261	832339	827664	830255	831967	832065	832438	832176	832618	831043	716187	793340	830252	804072	799640	821714	831359	716990	826834	823072	793308	827342	582887	813123	787155	824090	785371	822966	815290	660	659	1	644	2	652	0	1	2	656	653	1	15	0	659	659	628	643	660	0	0	659	0	0	662	654	640	0	2	1	0	1	0	41	3	0	0	0	1	659	1	0	630	660	1	1	1	3	642	0	0	1	1	0	0	1	155	1	1	0	2	651	585	2	652	0	62	1	1	649	0	0	0	648	73	3	0	1	1	2	3	0	192	0	0	663	0	1	654	0	1	0	1	1	646	1	662	600	1	642	604	1	664	1	659	0	1	2	498	458	1	1	4	178	645	1	593	2	1	502	2	1	0	660	1	2	2	0	2	206	616	580	1	2	0	661	1	582	0	4	3	1	2	632	0	642	9	659	632	1	0	0	0	646	1	0	2	578	0	0	581	646	1	2	623	1	568	0	337	1	561	612	0	605	593
NC_063222.1	13000001	837230	836711	836893	836871	833624	834954	835955	834906	834989	834990	833730	834962	834799	81171	354632	833604	836554	834416	835664	836584	106481	244637	834636	136865	835651	834386	835790	834915	836236	829416	832683	835537	819885	833958	208507	835509	99404	835630	835339	835881	833372	833260	835620	835197	836163	835344	835897	834409	830843	834549	151032	835298	836637	835499	836666	835684	828916	381333	834669	833317	158584	258525	835796	814471	833023	836510	106860	115321	837024	832342	835513	836719	87097	835677	835923	190942	835103	836952	833521	836838	825663	833988	168220	329058	835924	835486	836849	836737	834725	836366	836620	836929	836749	836770	836927	834949	836771	836609	827988	762228	832922	830176	836613	835635	834052	836325	500841	834591	735014	730906	618457	829414	835209	217697	278827	835440	779624	819515	288664	456570	702290	835444	836654	829303	837030	833036	835585	835243	74389	836832	310756	832923	805291	835911	835048	833225	836329	833998	826397	835038	599011	836187	794541	833832	834650	835135	835907	671299	836568	830511	833426	836062	835921	836599	836467	836914	835043	670806	762577	832677	773678	781603	828158	835181	643211	829677	815691	773678	828106	479790	799495	760360	820865	780667	819588	813213	408	417	1	406	1	406	0	1	1	413	403	1	23	1	415	412	394	408	414	1	0	411	0	0	414	412	404	0	1	0	1	0	1	68	1	0	0	0	1	408	1	0	403	414	1	1	1	2	397	0	0	1	0	0	0	1	126	1	1	0	1	406	354	2	409	0	37	1	1	401	0	0	0	404	50	2	0	1	1	2	1	0	101	0	0	416	0	1	412	0	1	0	1	1	395	1	413	375	2	397	374	0	414	1	412	4	0	0	291	244	1	1	0	83	402	0	365	0	1	289	0	1	0	413	0	0	1	0	1	113	384	354	1	1	0	409	1	361	0	3	2	2	0	396	0	406	2	412	384	1	0	0	0	415	1	0	1	307	0	0	327	407	1	0	389	2	332	0	157	4	318	375	0	374	364
NC_063222.1	14000001	823900	823337	823438	823613	818534	821396	822675	821841	821824	823160	822400	814367	821885	33554	228884	822948	822583	822157	822568	823278	50521	130226	822802	71622	822575	823169	822629	821512	822890	817372	817562	822616	742071	817292	102286	822226	45473	822262	822532	822541	822983	817951	822228	821798	822851	821844	822659	821564	818346	820911	109863	822093	823386	822646	822855	822588	799484	274769	820546	822799	100950	233875	822404	804543	819625	822961	84117	112597	823761	821666	821645	823438	61536	822618	822760	168960	823049	823740	822969	823508	783389	820938	104965	322465	822178	822309	823517	823463	821739	822834	823412	823701	823510	823376	823690	813392	823520	823343	815380	753926	819679	817685	823193	823725	821659	822827	513872	823319	723465	724438	621699	815996	822684	227944	281975	822675	769334	807025	299580	464646	696593	823472	823512	816771	823647	820782	822385	821828	72101	823662	328328	819746	796355	822418	821666	822313	823483	820258	814350	821854	603957	822669	785994	821221	821289	823452	822718	662340	823221	817507	822343	822771	822827	823385	823016	823576	821654	682918	757342	819442	767962	773731	815648	822296	644759	817093	806065	761242	816596	499710	792891	755307	807830	768593	805715	799020	603	335	85	312	2	335	0	2	2	596	556	81	1	0	607	596	585	600	604	0	0	602	4	0	606	593	581	0	2	1	0	1	0	32	2	0	0	0	3	605	76	0	585	593	3	83	83	579	585	4	0	84	1	0	0	71	99	82	3	0	79	590	540	2	332	0	43	3	3	589	0	0	0	602	67	618	0	4	85	487	0	0	129	0	82	604	0	3	600	0	4	0	3	3	540	84	603	535	3	503	574	0	607	2	598	2	1	0	443	391	0	3	0	133	512	1	307	1	2	440	1	3	0	607	0	1	2	1	2	169	565	531	3	2	0	527	0	526	0	46	603	69	83	560	0	598	54	599	564	83	0	0	0	518	3	0	3	496	0	0	498	591	3	0	558	73	513	0	297	69	502	304	66	559	537
NC_063222.1	15000001	841852	841235	841353	841436	824122	839274	840320	839175	839490	840153	838906	838392	839070	77082	272861	839425	840747	839312	840276	841085	125268	196356	840398	155076	840307	839899	840220	839233	840737	818384	836377	840182	828087	829450	159396	840000	94335	839912	840127	840549	839576	837878	839819	839237	840655	839892	840172	839008	825985	838957	174273	839842	841096	840163	840821	840384	833012	347425	837944	839305	175019	308694	840514	822581	837801	841040	124437	166895	841659	838686	839988	841259	127977	840448	840437	191304	840375	841517	839692	841167	826215	839011	176371	382353	840509	840077	841276	841265	839677	840938	841284	841474	841302	841131	841562	838856	841122	841090	832329	786355	838191	835555	841071	841131	839337	840720	569149	840329	763792	754619	678460	835623	840648	312785	361602	840292	796794	828967	362119	539029	735270	840509	841426	835720	841702	837930	840135	839616	116962	841435	383008	837436	815434	840250	839841	838929	841090	838534	831774	839705	643851	840917	810152	839291	839243	840483	840520	712110	841015	836463	838772	840593	840717	841173	840677	841502	839955	714788	787297	838557	798921	799596	829354	840359	692777	835327	828017	790001	836102	562958	814337	785449	828961	783480	829322	821767	687	322	671	307	3	317	0	5	2	668	657	648	1	1	668	663	647	656	671	0	0	663	69	0	668	663	649	0	2	5	0	5	0	79	2	0	0	0	4	667	636	0	655	664	5	652	646	425	651	59	0	673	4	0	1	619	170	647	5	0	88	656	597	1	319	1	86	5	5	658	0	0	0	664	84	473	0	5	669	400	2	0	191	0	659	674	0	5	667	0	5	0	5	5	647	669	665	601	4	1	603	0	670	5	664	0	5	1	531	469	0	5	0	211	2	0	295	4	3	541	5	5	0	676	2	5	1	0	2	222	630	596	5	2	0	2	0	586	0	448	461	597	669	638	1	648	517	669	624	653	1	0	0	2	5	0	1	577	0	0	584	641	5	0	641	635	589	0	351	611	576	315	560	632	581
NC_063222.1	16000001	805958	805193	805410	805418	798460	803119	804470	803399	803799	804591	804018	805308	803914	65271	343765	803149	805436	801296	804230	805504	239089	217230	804719	273369	804109	803801	804205	803218	804872	790669	787108	803889	804883	799543	177165	804157	87328	803889	804183	804368	803285	804132	803954	803378	804804	803393	804331	803056	794143	803109	303232	803543	805111	803308	802190	804205	804965	437062	803959	802782	283483	472070	804398	793738	803668	805338	201006	322719	805409	803245	804664	805498	256096	804980	804594	270150	804093	805505	803773	805372	798778	803489	309444	536722	804449	804265	805303	805368	803499	805369	805210	805471	805411	805198	805486	804787	805166	805198	795346	786154	803830	797095	805049	804922	802865	805026	668340	804196	776014	754940	744894	804191	804244	421136	524508	804128	781098	799048	526568	662782	761772	804442	805565	803823	805515	801767	804627	804332	248519	805604	531131	803124	793055	804397	804162	801788	804876	803712	785085	804063	706786	804974	793716	805193	803790	804880	805003	743808	805007	801653	803580	804368	804933	805226	804686	805524	804085	736845	790352	803664	794464	790365	782144	804117	754658	801727	800976	789119	803192	674365	797367	786488	801773	765203	800899	794801	615	651	651	595	5	636	3	378	5	657	654	644	1	0	653	653	621	634	652	4	0	656	164	3	653	589	630	3	5	381	4	383	4	101	3	0	2	0	379	595	638	3	636	650	374	644	632	3	625	175	2	652	378	1	2	651	275	640	383	3	2	593	619	6	652	3	210	381	362	647	3	1	3	592	172	4	3	384	647	4	3	3	364	1	593	655	1	362	652	3	382	3	380	384	602	648	650	539	364	2	581	3	654	368	644	4	383	3	570	542	4	379	1	333	3	3	551	4	299	577	386	382	3	602	2	377	3	6	4	367	568	626	376	4	1	3	2	486	3	527	4	626	654	616	2	638	519	598	617	636	1	3	3	3	384	3	4	557	2	3	573	624	380	3	581	639	609	2	473	629	609	585	517	578	544
NC_063222.1	17000001	865321	864554	864777	864874	863012	862324	864013	862540	863712	863979	864001	864524	863691	49825	325868	863524	864824	860768	863810	864974	174000	169201	864034	235105	863653	863765	863923	862958	864249	862196	863439	863759	864963	862975	128500	863523	58036	863453	863760	863800	863685	863431	863424	862823	864115	863141	863790	862254	862568	862331	306810	863222	864522	863439	864320	863758	864490	410281	863654	863288	261447	563127	863964	860765	863175	864679	159342	363843	864889	864092	864533	864759	254723	864657	864254	238457	864233	864907	863724	864787	863154	862954	301511	667582	864072	863979	864874	864816	862759	864741	864697	864916	864776	864718	864960	864653	864878	864648	857186	855166	863738	858567	864594	864969	862969	864154	773445	864042	847311	841415	831717	864222	864269	489127	627171	863914	849291	860346	630804	776108	832674	864259	864854	864210	864913	861997	863942	863697	264997	864998	635652	862905	859898	863998	863214	863821	864471	862540	854118	863784	791347	864608	859752	864992	863605	864441	864482	821106	864391	863241	863081	863796	864304	864787	864081	864924	863630	829060	858758	863538	861384	855922	835514	864107	839624	860637	863158	857541	863582	787590	860954	854952	862754	846560	862553	857384	745	571	666	274	2	571	0	589	2	735	735	667	0	0	734	735	694	720	734	0	0	736	104	0	735	687	718	0	2	581	104	597	0	54	2	0	143	0	591	701	661	0	710	723	579	656	654	478	709	145	0	670	577	0	0	670	222	666	591	0	190	696	706	2	573	0	200	592	587	731	0	0	0	688	125	487	0	596	663	481	2	0	476	0	639	735	0	572	729	0	597	0	586	596	704	667	729	664	573	68	687	0	739	571	725	2	593	0	682	683	0	583	3	418	66	0	273	0	486	678	594	597	0	704	0	589	2	0	2	489	679	720	572	2	0	68	0	595	0	587	284	665	673	701	0	728	587	695	716	663	0	0	0	68	597	1	2	690	0	1	686	708	581	234	672	667	713	0	603	660	700	273	615	689	658
NC_063222.1	18000001	850013	849452	849377	849505	842300	847159	848409	847792	848600	848448	848348	840912	848405	59413	374703	847716	849379	844490	848574	849582	283266	231397	848682	335293	848366	848190	848439	847762	848809	831191	813166	847908	825400	841369	186170	847984	85917	848105	848108	848620	847483	848271	848124	847847	848705	848251	848265	847059	822174	847319	376591	847700	849247	848308	844528	848412	836864	498889	848509	847557	345399	551259	848704	833189	847759	849030	235968	406566	849265	848091	848973	849442	324607	849004	848780	309474	848542	849519	848047	849162	813614	847926	369575	615488	848234	848778	849534	849498	847566	849633	849327	849626	849380	849354	849700	847678	849423	849433	838761	835994	848525	840870	849533	848168	845776	848919	741757	848083	826460	800234	806321	848804	847577	483194	628931	847965	828834	843696	618227	743756	812759	848671	849017	848445	849695	845684	848436	848447	352117	849669	633850	847355	835822	848962	847896	843109	848134	847745	823712	848407	763882	849029	840958	849354	847871	848803	848944	796863	849262	845867	847287	848611	848943	849161	849118	849622	848294	784176	841279	848240	844020	837555	812950	847800	811080	846247	846535	834926	847664	743326	843674	838460	846939	807305	846921	837761	290	689	1	602	0	685	0	287	3	207	207	1	4	0	205	310	290	305	206	3	1	205	0	0	208	212	197	0	4	293	289	293	0	4	1	0	1	2	294	215	3	0	200	308	281	1	1	643	308	0	0	1	288	2	0	1	71	4	293	0	329	387	202	1	694	0	137	292	287	205	0	4	0	390	66	666	166	295	1	631	1	135	153	0	292	310	0	286	203	0	293	0	290	295	392	1	201	281	284	199	202	300	215	274	203	1	300	0	298	199	0	284	0	150	197	0	567	0	257	204	296	297	0	394	6	288	1	0	1	152	382	305	294	1	6	208	0	189	2	4	600	7	2	197	0	204	275	390	306	1	4	0	1	202	289	298	1	387	0	309	387	298	295	379	382	1	306	0	289	1	201	586	275	390	365
NC_063222.1	19000001	819515	818485	818777	818753	785705	816250	817752	816779	817851	817069	816908	749897	817725	90793	411551	815248	818428	813542	817705	818784	304534	309702	815593	352799	817451	815976	817498	816925	817982	781552	692854	816799	747853	779479	275402	817315	152344	817298	817214	817627	815284	817439	817558	817270	817887	817160	817665	816138	666627	816649	354412	816845	818512	817344	810184	817404	673396	464395	817554	814477	319942	485000	817968	770872	817099	818775	267425	368986	818652	817716	818075	818835	322722	816800	817928	316720	816944	818891	815990	818609	642080	817210	338899	479722	817373	817799	818693	818695	816497	818778	818635	818895	818661	818562	819017	812442	818748	818423	804209	805116	817881	804461	818872	815747	812544	818203	700854	815962	795599	734202	785776	818232	815597	519730	631283	816630	799864	813768	580651	701721	790468	817091	817964	817724	819138	812550	818031	817925	407148	819034	608953	816271	802504	818136	817468	804542	816962	817148	775642	817970	734268	818657	811499	818884	817658	817643	818379	769857	818669	814501	815157	817565	818564	818672	818311	819008	817854	723549	811863	817632	814904	805320	794881	817103	788057	815311	816883	798062	817682	710014	812594	808289	816973	713915	816391	799077	513	703	663	307	2	690	0	664	2	618	575	657	38	0	608	491	460	485	618	2	1	616	183	0	615	510	593	0	2	561	655	628	0	129	2	0	651	0	663	515	654	0	602	492	661	653	640	555	473	187	0	661	662	0	0	526	276	653	663	2	310	664	565	3	702	0	224	668	475	609	1	0	0	665	168	666	676	676	657	544	2	210	336	0	677	494	0	659	613	0	674	0	676	677	673	659	615	428	623	625	534	724	604	617	609	0	667	0	424	554	0	656	1	363	613	0	314	1	541	574	675	667	0	674	0	671	2	1	2	405	643	479	658	2	1	623	0	393	2	589	320	649	665	591	0	603	628	669	468	654	0	0	0	631	674	714	3	644	0	714	645	479	643	623	655	655	474	0	406	646	594	322	572	655	600
NC_063222.1	20000001	853598	852904	853139	853108	847302	850800	852261	851098	851501	852072	851955	851989	851395	62669	291695	851418	852596	849842	851872	852695	125334	185224	852317	169637	851678	852105	851853	851134	852505	844297	850445	851591	849746	846996	134400	851575	72663	851609	851729	852069	851423	850557	851766	850954	852230	851492	852040	850212	846880	850663	195111	851416	852846	851458	852659	851922	850207	370095	850899	851105	182939	373891	851962	841049	849974	852679	134117	191448	853057	851345	852130	853005	133052	852315	852044	189191	852555	853140	851908	852985	846328	850682	178056	467648	851867	851929	852965	853063	850756	852966	852856	853129	852936	852891	853226	851840	852947	852959	844379	818695	851027	845770	852767	852969	850903	852202	650040	852390	807971	796826	739385	850425	852176	326755	432905	852430	822381	843457	434291	629434	775992	852452	853103	850837	853207	849875	851452	851494	132485	853182	457516	849440	839599	852120	851105	851560	852669	850806	840953	851691	700398	852733	836382	852281	851148	852791	852269	756357	852573	849212	851217	852265	852184	852860	852421	853145	851663	768234	823786	851152	833667	828881	839836	851606	762243	848096	846224	824987	849737	659682	841107	817148	847311	811392	845932	839329	574	359	104	412	538	353	0	540	555	610	605	106	30	133	602	431	416	429	298	69	0	607	13	0	300	529	581	0	538	551	544	546	0	53	536	36	103	0	555	544	101	0	581	427	545	102	100	658	422	96	0	106	560	0	0	106	116	99	664	80	96	661	555	534	625	0	56	559	0	600	1	0	0	655	70	681	560	558	104	642	524	58	248	0	596	436	0	542	601	0	558	0	551	561	662	106	609	399	501	554	540	365	298	529	601	1	575	1	353	473	0	542	0	244	548	0	387	1	369	262	576	560	0	668	0	553	540	81	552	148	427	395	545	543	1	574	0	474	1	93	409	105	658	571	0	589	508	661	413	102	0	0	0	565	558	361	449	601	0	345	594	405	541	532	630	105	378	0	285	105	546	402	534	629	615
NC_063222.1	21000001	846019	845481	845634	845719	841564	843799	844814	843763	844195	844061	844051	844241	844007	52322	279700	844016	845117	843732	844815	845460	97562	172452	844713	135532	844632	844139	844894	844177	845209	839720	842921	844488	837438	841612	130794	844387	64874	844579	844435	844796	843859	842833	844497	844019	845059	844229	844749	843557	841042	843439	169911	844115	845598	844510	845529	844633	840337	341761	843521	843924	165756	345337	844719	831291	842664	845100	109649	172575	845727	844084	844596	845563	115067	844931	844931	185912	844827	845764	843887	845571	835316	843512	170848	449049	844773	844572	845608	845675	843873	845397	845628	845790	845598	845600	845763	843468	845634	845569	837579	800813	843522	838724	845278	845050	843623	844950	615734	844465	787077	778599	714460	842189	844499	302698	397356	844804	809766	833529	411450	591929	758589	844652	845325	842019	845762	841486	844310	844271	116588	845717	431426	841979	827192	844780	843836	842764	845222	842900	834281	843926	671908	844981	824680	844435	844056	844998	844769	732682	845231	841168	843362	844876	845043	845512	845249	845689	843750	747327	809289	843228	817888	814668	831987	844160	736239	840727	837319	810340	841347	615064	827725	801245	836398	810312	835568	829707	836	894	0	604	494	878	1	741	506	784	764	0	22	64	784	779	764	775	750	8	0	788	0	0	752	786	765	0	476	502	733	469	1	43	270	9	0	0	745	798	0	0	767	785	737	0	0	574	757	49	0	0	515	0	628	0	154	0	858	34	107	791	714	485	643	0	88	764	0	773	0	0	0	791	88	596	762	762	0	533	267	1	332	0	752	788	0	735	774	0	764	0	753	760	776	0	785	721	672	749	712	0	750	713	776	4	528	0	674	610	0	751	0	321	765	0	581	0	429	610	732	760	0	799	0	715	494	45	506	284	0	684	743	491	0	787	1	698	0	0	624	0	274	747	0	768	581	794	754	0	628	0	634	782	761	0	385	705	253	0	718	726	724	617	754	393	675	2	508	383	700	600	655	747	705
NC_063222.1	22000001	837857	837208	837354	837378	826814	835145	836530	835208	835648	835585	836864	831751	834828	30945	132242	837215	835938	835611	836315	837110	75731	98718	837077	106573	836172	837339	836206	835295	836820	827228	832794	836167	800086	825959	65943	836091	26356	836082	836336	836221	837004	832820	835996	835308	836696	835695	836211	834802	831405	834881	156005	835594	837139	835879	836809	836092	821589	267372	832347	836963	125731	308852	836208	823051	834167	836835	88905	169752	837532	835914	835985	837240	108319	836395	836459	135936	837490	837550	837367	837212	809680	834945	149124	441365	836237	834990	837251	837383	835541	837132	837320	837431	837242	836938	837504	831908	837214	837180	830246	793136	835040	832673	837036	837694	834915	836655	619572	837371	779436	772376	704176	834081	837058	305762	414186	836767	798746	826309	410986	596141	748668	837627	837531	834035	837612	834625	835976	835817	127961	837397	440878	834039	817296	836500	835419	836529	837581	834378	827218	835667	673178	837024	813546	836173	835706	837686	836843	725613	836941	834058	836720	836582	836744	837089	836749	837471	835552	739807	794762	834606	808448	803862	821733	836325	725196	832033	828106	802675	833589	614974	821186	799342	829709	788750	828150	824431	809	248	508	668	485	249	0	653	486	470	471	487	9	21	472	464	463	464	806	0	0	474	10	0	807	676	463	505	457	532	654	432	0	26	0	0	501	0	664	683	458	0	466	473	633	495	484	458	453	54	0	511	561	0	663	417	94	478	475	45	139	667	656	478	457	0	84	673	0	465	0	0	0	675	46	478	673	672	505	435	0	3	218	0	631	473	0	654	472	0	673	0	663	671	658	506	466	432	576	680	445	0	422	635	466	0	565	0	415	373	0	656	0	191	681	0	451	1	390	637	674	671	0	689	0	658	493	52	500	306	0	721	652	497	0	699	0	602	0	309	723	440	503	451	0	465	496	96	450	499	658	0	668	692	670	0	394	582	650	0	603	770	647	518	659	662	707	0	323	654	428	433	524	648	621
NC_063222.1	23000001	839776	839067	839362	839190	834075	836697	838461	837141	837570	837822	837693	836413	837079	46549	239582	838019	838655	837194	838195	839231	106238	153965	838663	144720	838162	838120	838246	837383	838580	831646	835571	838217	824955	832292	117526	838129	50852	837891	838190	838390	837673	836080	837867	837279	838447	837641	838123	836435	835150	836962	193660	837428	839059	837805	839066	837829	829624	336521	836514	837934	172037	366021	838214	827611	836409	838725	113873	190489	839551	837868	838481	839261	132020	838652	838395	190708	838472	839499	838219	839230	821114	837131	176273	462547	838082	837798	839218	839149	837823	839099	839177	839357	839032	838983	839389	836834	839125	839176	831088	807424	837023	834086	839159	839171	836806	838619	638670	838324	790209	783611	730070	836601	838684	343196	437505	838581	809134	829289	424666	624516	763266	838962	839393	836498	839418	835978	838193	837898	141385	839432	458253	835747	822989	838047	837483	838798	839270	836715	831851	837891	681907	838901	819835	838848	837335	838780	838534	741221	838881	836070	837586	838490	838732	839187	838860	839229	838157	756401	810422	836869	821248	811867	820086	838236	747134	834368	833284	812159	835206	646850	825253	807858	832633	798032	832032	827112	765	343	631	695	590	332	0	702	593	370	369	618	17	49	368	371	360	358	856	0	0	369	40	0	857	591	361	806	568	365	707	374	0	57	0	0	625	0	745	603	608	334	362	365	700	622	609	265	358	46	330	637	379	0	719	582	200	603	368	33	95	589	517	579	267	16	97	724	1	362	370	0	368	596	90	274	751	750	634	254	0	0	186	0	267	370	0	731	366	0	756	338	744	753	549	625	364	336	663	780	341	0	370	684	367	0	539	0	327	310	0	733	5	160	790	0	252	0	421	677	723	728	0	607	0	709	588	57	606	355	0	785	740	589	0	640	0	545	0	428	685	640	631	258	0	366	237	0	353	623	737	360	745	810	732	0	672	508	734	0	499	827	722	461	568	797	769	324	248	766	0	16	257	547	515
NC_063222.1	24000001	840997	840478	840636	840589	833944	838021	839663	838715	839596	839629	839458	840395	839929	74347	424752	838913	840522	836998	839642	840277	268781	252952	839803	337376	839231	838866	839554	838984	839923	826124	838723	839096	840209	837838	210907	838938	94298	839352	839246	839611	838802	839340	839227	838726	839822	838969	839485	838283	838180	838220	390389	838958	840372	838903	838775	839243	840050	557945	839768	838632	373410	557118	839676	835713	838576	840324	244640	377685	840519	839423	840106	840534	287923	840094	839878	354700	839652	840579	838930	840326	838931	838620	356602	644018	839765	839780	840627	840546	838180	840456	840450	840671	840473	840456	840554	840323	840461	840498	832731	825664	839375	832525	840498	839962	838026	840112	723671	839411	814725	805683	783740	839372	839520	446238	585761	839649	819000	833974	588024	724633	795715	839659	840114	839385	840814	836755	839754	838911	273450	840497	595481	837671	832399	839699	838514	838865	840330	838333	826827	839288	745386	840454	831653	840482	838778	839919	840017	781491	840257	837358	838497	839754	839742	840303	840221	840392	839343	790168	828138	838907	833560	827405	810042	838890	799510	836983	838070	827616	838286	738360	834589	823730	837402	815949	836563	829849	595	0	1	87	753	563	196	407	774	17	17	1	0	240	17	18	18	17	771	0	0	388	45	0	770	18	17	574	746	779	0	793	0	1	195	5	380	0	513	20	1	191	17	20	0	1	1	588	18	242	190	1	782	371	86	1	367	1	17	233	231	17	492	758	589	2	249	200	0	17	17	0	17	17	7	592	194	195	1	581	0	1	14	0	513	20	0	505	17	0	517	572	519	523	513	1	17	21	0	18	15	3	17	0	17	1	0	0	202	301	0	497	0	14	18	386	547	0	2	17	0	323	0	17	22	0	754	208	814	462	3	750	190	763	0	1	0	15	0	4	572	17	1	200	0	18	445	3	20	1	512	17	516	17	707	3	690	477	191	3	478	745	188	17	19	21	750	547	168	21	0	3	484	628	449
NC_063222.1	25000001	771967	771038	771397	770950	764718	767307	770187	768802	770008	770629	770429	770731	769841	39618	257674	770487	770847	768507	770507	769930	119643	145782	770744	152532	770083	768972	770276	769280	770095	763398	768897	770311	769902	767236	106216	769600	43120	767377	769989	770196	770527	767705	770153	769547	770604	769285	769195	767229	766731	769158	208664	769593	770814	766990	771140	769972	768699	364336	769377	770287	201852	405700	768251	764649	768449	770318	119155	218325	771444	770324	770525	771362	137133	770708	770606	205399	770454	771505	770735	770563	766169	767236	181517	503528	770632	768828	770383	771341	768722	771086	771170	771463	770946	771041	771392	768796	770851	771108	765245	749927	767898	763324	769104	771611	769510	769885	644574	771068	741563	737545	705137	769096	770288	378312	491625	769950	750758	762382	447674	640679	715881	770994	771541	769912	771604	766518	770195	768828	158161	770894	496207	764881	759892	770287	769112	769890	771096	767970	762840	769474	658104	770306	759865	770865	767520	771277	769769	699731	769176	767861	768435	770114	770599	770851	746902	771214	767703	728111	752322	769067	759642	752258	742838	770183	712358	765545	766807	751821	767333	648899	763213	750019	764981	742757	764462	761379	810	0	284	721	910	645	638	641	932	174	176	141	0	168	171	176	172	173	820	0	0	465	16	0	873	174	167	175	520	518	0	532	0	10	634	5	615	173	648	176	137	0	168	110	0	141	142	542	14	114	0	143	528	321	622	142	248	143	173	137	154	1	445	758	737	0	145	367	0	313	175	0	173	169	32	752	176	0	143	719	139	5	112	0	621	188	0	630	173	0	654	644	647	653	505	141	175	164	0	291	424	67	146	0	894	487	0	610	455	408	638	319	0	425	363	595	523	3	0	124	0	654	162	95	877	0	894	112	657	454	1	853	172	915	0	145	627	152	0	124	570	141	145	137	0	141	404	82	166	140	632	173	646	1	943	1	813	435	173	80	428	887	0	738	1	157	859	720	367	152	7	1	429	902	436
NC_063222.1	26000001	763081	761886	762349	762350	759172	759937	761288	760009	761254	761886	761676	762034	761802	53876	333405	761254	762297	758389	761513	761662	227981	190218	762043	272641	760971	761758	761150	759873	761662	754812	760153	760957	761590	759684	141437	760853	62422	760499	761155	761272	761249	760784	761062	760206	761770	760652	761111	759802	758653	759791	314835	760665	762039	760484	760498	760808	761561	461824	761945	760807	317788	488659	761552	755552	760616	761888	197368	327882	762526	760906	761880	762236	239674	762004	761695	307909	761999	762569	761392	762038	757303	760186	282391	575120	761306	761227	761875	762252	759848	761998	761969	762478	761981	761823	762371	761869	762229	761876	756052	747654	760490	757034	762198	762363	760271	761708	685810	762102	742778	733549	719451	760609	761815	452333	591728	761612	743599	756838	522159	685595	726201	762321	762511	760920	762762	759351	761525	760771	267296	762620	577963	759590	754425	761383	760218	761138	762631	760453	753838	761047	681392	762241	753090	762404	760919	762269	761733	706817	762135	760332	760169	761017	761790	762106	761794	762466	760787	724015	749839	760846	755022	749215	736558	761358	726963	759305	759994	751457	759042	681587	757339	750784	758944	737102	759194	753701	638	500	812	924	696	555	688	703	718	660	657	754	1	157	668	670	683	716	765	64	42	759	135	170	692	618	598	752	734	618	486	768	485	49	692	3	406	631	807	707	643	167	722	497	0	650	648	968	482	181	169	670	750	0	840	674	264	651	663	166	379	224	511	806	879	0	175	0	557	0	740	33	359	783	105	892	640	173	562	867	565	155	475	114	695	897	255	824	710	341	819	715	845	847	784	751	635	640	160	695	677	618	46	163	712	519	0	551	567	580	609	170	231	450	714	801	928	113	0	689	93	821	725	0	641	0	650	166	692	444	217	555	621	547	563	659	799	622	167	657	821	735	759	599	0	563	659	622	603	716	807	647	857	363	688	223	635	719	626	607	715	669	166	630	221	580	634	742	484	574	475	224	706	703	597
NC_063222.1	27000001	787969	786680	787266	787064	760816	784166	786107	784737	786500	784853	784554	786646	786995	124665	540703	783057	786916	781858	785533	786697	465013	391189	785604	517895	785672	783402	786131	785061	786369	751760	780057	785185	777706	768768	349517	785118	171899	784962	785683	785414	783453	786001	785805	785402	786491	785150	786119	784109	756783	784704	521121	785568	786882	785199	782438	785419	785580	632907	786533	783008	546710	600424	786327	776335	786036	787125	394233	484539	787038	786053	786739	787196	412293	786774	786539	516151	785227	787192	783174	786760	776315	785216	463267	636774	785908	786204	786957	787155	784687	786985	786305	787254	786330	786857	787427	787074	787197	786999	777136	777246	786589	779776	787093	786756	784580	786299	703226	784720	764941	742775	751577	786802	785925	475872	615368	786303	768274	781263	606511	702095	756044	784996	787352	786610	787493	783665	786286	786074	389447	787484	619380	784948	778339	786330	785522	783045	787221	785558	767803	786070	717596	787092	778835	787289	785925	785841	786679	739912	786995	784753	782791	786278	786439	786885	786730	787475	786144	736291	781081	786198	784022	778544	754513	786073	768264	784049	785890	777335	785227	718471	783809	778661	785585	744611	784626	777209	791	783	626	12	425	504	752	774	440	402	362	41	3	355	868	706	660	687	749	367	247	337	190	829	731	662	719	322	586	226	754	547	770	204	504	11	702	855	530	684	688	766	387	786	0	354	840	650	762	307	756	878	586	0	759	219	551	360	870	414	121	859	0	186	650	1	342	0	561	720	360	254	309	461	310	653	501	545	473	649	688	309	251	729	866	680	658	636	872	847	190	521	538	325	419	321	357	604	745	355	454	735	0	723	856	668	0	416	629	339	764	765	227	576	664	748	224	539	0	311	670	787	359	0	732	0	183	291	786	555	834	690	352	764	557	356	591	641	763	305	460	330	335	742	156	682	303	671	642	354	397	736	776	358	783	851	720	317	357	675	316	712	758	704	847	698	667	845	573	691	697	864	307	431	749
NC_063222.1	28000001	575269	574358	574445	574622	550166	572375	573903	572884	574076	572748	572433	574532	573948	77989	331939	571207	574380	570614	573498	574510	259219	247908	572898	292203	573959	572029	573516	572311	574284	532211	570618	573324	570667	550296	211870	573702	113489	573725	573466	573647	571409	573602	573933	573493	574463	573918	573986	573141	555411	573087	296487	573687	574693	572665	571794	573503	569107	387539	573653	571181	301147	367617	574011	566747	573310	574342	219225	280015	574651	567360	574133	574579	233767	573912	574127	282958	572231	574835	571436	574626	573120	573340	281031	401573	567177	574039	574825	574460	572197	574480	574283	574803	574413	574789	575015	574661	574564	574557	565491	559415	573585	567860	574642	573963	572042	574226	471202	572648	550254	536949	525427	573279	572905	294128	373189	573209	555226	566771	379626	470004	536881	572505	574218	573578	575011	570675	573903	573590	210287	574509	381270	571352	564522	573989	573184	570649	573698	573047	559340	573492	502383	573707	566175	574337	572019	572776	574300	522249	574413	570713	570789	574120	573285	574618	574484	574601	574089	525430	564457	573250	565130	562676	550985	573071	537350	571598	571822	561447	571366	480230	567902	560120	571972	541950	570902	563970	63	167	188	179	309	185	144	70	309	138	139	176	19	147	87	296	266	277	299	54	19	187	81	85	60	260	289	1	268	63	60	289	58	74	74	26	22	87	285	259	63	63	138	70	1	145	88	141	63	123	70	87	279	7	62	0	182	146	95	135	40	84	0	1	273	5	39	9	169	285	143	110	176	3	45	258	70	98	0	270	60	38	111	332	88	261	175	171	87	266	106	81	1	9	141	0	138	228	59	137	127	66	3	58	87	54	0	289	240	128	63	63	58	62	58	65	63	49	0	171	280	287	138	1	265	9	4	60	287	171	83	279	140	283	282	140	65	49	58	161	1	169	140	267	138	213	1	256	267	146	139	299	64	150	291	91	236	2	150	260	2	65	59	61	86	232	184	90	210	229	62	96	0	301	79
