chrom	window_start	sites_total	calls_AL101	calls_AL102	calls_AL103	calls_AL114	calls_AL119	calls_AL120	calls_AL121	calls_AL124	calls_AL125	calls_AL127	calls_AL129	calls_AL133	calls_AL134	calls_AL137	calls_AL138	calls_AL141	calls_AL142	calls_AL143	calls_AL146	calls_AL149	calls_AL153	calls_AL155	calls_AL156	calls_AL159	calls_AL160	calls_AL162	calls_AL166	calls_AL170	calls_AL173	calls_AL174	calls_AL175	calls_AL176	calls_AL177	calls_AL178	calls_AL180	calls_AL181	calls_AL182	calls_AL184	calls_AL185	calls_AL187	calls_AL189	calls_AL193	calls_AL196	calls_AL197	calls_AL199	calls_AL200	calls_AL201	calls_AL204	calls_AL207	calls_AL208	calls_AL209	calls_AL210	calls_AL213	calls_AL215	calls_AL216	calls_AL220	calls_AL223	calls_AL231	calls_AL238	calls_AL241	calls_AL242	calls_AL243	calls_AL244	calls_AL246	calls_AL254	calls_AL255	calls_AL256	calls_AL263	calls_AL266	calls_AL269	calls_AL272	calls_AL273	calls_AL274	calls_AL276	calls_AL278	calls_AL279	calls_AL283	calls_AL284	calls_AL288	calls_AL292	calls_AL300	calls_AL303	calls_AL304	calls_AL307	calls_AL309	calls_AL313	calls_AL32	calls_AL35	calls_AL75	calls_AL82	calls_AL86	calls_AL88	calls_AL91	calls_AL92	calls_AL95	calls_AL97	calls_AL99	calls_K1423	calls_K1461	calls_K1542	calls_K1544	calls_K1567	calls_K1579	calls_K1580	calls_K1583	calls_K1603	calls_K1606	calls_K1608	calls_K16100	calls_K1614	calls_K1617	calls_K1618	calls_K1623	calls_K1627	calls_K1632	calls_K1640	calls_K1650	calls_K1660	calls_K1663	calls_K1665	calls_K1669	calls_K1672	calls_K1680	calls_K1684	calls_K1693	calls_K1696	calls_K17007	calls_K17008	calls_K17010	calls_K17013	calls_K17014	calls_K17025	calls_K17028	calls_K17030	calls_K17032	calls_K17033	calls_K17034	calls_K17035	calls_K17037	calls_K17040	calls_K17042	calls_K17044	calls_K17045	calls_K17048	calls_K17052	calls_K17053	calls_K17056	calls_K17062	calls_K17064	calls_K17073	calls_K17077	calls_K17078	calls_K17081	calls_K17083	calls_K17087	calls_K17091	calls_K17094	calls_K17098	calls_K17099	calls_K17101	calls_K17102	calls_K17103	calls_K17104	calls_K17106	calls_K18010	calls_K18017	calls_K18019	calls_K18022	calls_K18034	calls_K18078	calls_K18083	calls_K18084	calls_K18091	calls_K19018	calls_K19019	hets_AL101	hets_AL102	hets_AL103	hets_AL114	hets_AL119	hets_AL120	hets_AL121	hets_AL124	hets_AL125	hets_AL127	hets_AL129	hets_AL133	hets_AL134	hets_AL137	hets_AL138	hets_AL141	hets_AL142	hets_AL143	hets_AL146	hets_AL149	hets_AL153	hets_AL155	hets_AL156	hets_AL159	hets_AL160	hets_AL162	hets_AL166	hets_AL170	hets_AL173	hets_AL174	hets_AL175	hets_AL176	hets_AL177	hets_AL178	hets_AL180	hets_AL181	hets_AL182	hets_AL184	hets_AL185	hets_AL187	hets_AL189	hets_AL193	hets_AL196	hets_AL197	hets_AL199	hets_AL200	hets_AL201	hets_AL204	hets_AL207	hets_AL208	hets_AL209	hets_AL210	hets_AL213	hets_AL215	hets_AL216	hets_AL220	hets_AL223	hets_AL231	hets_AL238	hets_AL241	hets_AL242	hets_AL243	hets_AL244	hets_AL246	hets_AL254	hets_AL255	hets_AL256	hets_AL263	hets_AL266	hets_AL269	hets_AL272	hets_AL273	hets_AL274	hets_AL276	hets_AL278	hets_AL279	hets_AL283	hets_AL284	hets_AL288	hets_AL292	hets_AL300	hets_AL303	hets_AL304	hets_AL307	hets_AL309	hets_AL313	hets_AL32	hets_AL35	hets_AL75	hets_AL82	hets_AL86	hets_AL88	hets_AL91	hets_AL92	hets_AL95	hets_AL97	hets_AL99	hets_K1423	hets_K1461	hets_K1542	hets_K1544	hets_K1567	hets_K1579	hets_K1580	hets_K1583	hets_K1603	hets_K1606	hets_K1608	hets_K16100	hets_K1614	hets_K1617	hets_K1618	hets_K1623	hets_K1627	hets_K1632	hets_K1640	hets_K1650	hets_K1660	hets_K1663	hets_K1665	hets_K1669	hets_K1672	hets_K1680	hets_K1684	hets_K1693	hets_K1696	hets_K17007	hets_K17008	hets_K17010	hets_K17013	hets_K17014	hets_K17025	hets_K17028	hets_K17030	hets_K17032	hets_K17033	hets_K17034	hets_K17035	hets_K17037	hets_K17040	hets_K17042	hets_K17044	hets_K17045	hets_K17048	hets_K17052	hets_K17053	hets_K17056	hets_K17062	hets_K17064	hets_K17073	hets_K17077	hets_K17078	hets_K17081	hets_K17083	hets_K17087	hets_K17091	hets_K17094	hets_K17098	hets_K17099	hets_K17101	hets_K17102	hets_K17103	hets_K17104	hets_K17106	hets_K18010	hets_K18017	hets_K18019	hets_K18022	hets_K18034	hets_K18078	hets_K18083	hets_K18084	hets_K18091	hets_K19018	hets_K19019
NC_063229.1	1	18262	13862	17536	17359	18002	16498	17004	17005	17194	17739	17837	18060	17470	3933	6328	12321	18187	16088	17029	18042	6891	6086	17838	6295	17463	17846	14645	11176	17665	13024	15697	17126	17867	17911	5236	17268	4508	17244	10606	11731	17811	17118	11306	17339	17727	16977	11717	16836	17726	17045	6926	11167	17905	16900	15986	15538	13033	11438	17668	15240	3569	8319	17577	17339	17507	17899	5729	7326	17922	17701	17559	17875	6278	17503	17732	7130	18071	15473	15620	17825	17498	16729	8427	13355	17036	11918	17943	17598	12475	14854	17497	15468	17671	14898	18037	18068	17398	17300	16335	16941	14979	16137	17784	17992	16935	17658	16826	17805	17642	17720	16959	17859	14406	10986	12757	14297	17966	16487	11674	16706	16831	17990	18040	17894	18057	10619	17680	16238	7768	18134	14584	16996	17532	16434	11628	17564	17688	16894	11523	17299	15481	17150	17881	18197	17023	18120	13643	13796	17937	17033	17157	17316	17351	17563	17826	18100	17552	17888	17756	14462	17823	17899	17128	17106	17692	17158	18126	17954	16813	16239	17926	17244	17497	16443	17725	15734	6	4	7	6	4	4	2	6	3	7	3	6	0	0	3	4	5	4	4	0	0	1	2	2	2	6	3	4	3	4	6	2	4	2	1	0	2	2	3	6	2	2	2	4	2	2	5	9	2	2	2	5	6	5	4	1	0	0	6	3	3	2	5	4	5	0	1	5	2	5	2	0	2	2	2	7	6	8	5	0	4	2	0	4	3	5	6	4	6	2	6	6	8	7	1	2	5	5	0	6	5	4	5	3	5	1	5	3	4	4	4	7	1	4	7	6	1	4	2	2	5	5	2	6	4	6	5	0	4	0	2	2	4	2	4	5	4	6	6	6	8	2	1	2	2	6	3	4	3	8	2	2	4	5	4	2	2	8	9	4	4	5	4	2	2	3	3	5	2	2	2	6	3	7	3
NC_063229.1	1000001	698446	693912	697154	696930	689907	695664	696339	695769	696997	694939	695307	696852	696784	81551	383683	691254	698196	691120	696754	697992	290853	266453	695780	341342	696908	694922	694732	692410	697273	680616	675015	695640	601104	693600	229159	696722	106595	696418	691967	693289	695351	696238	692715	696089	696633	696202	693553	695353	684953	695472	351567	693148	697485	696146	687415	694621	686434	476081	696213	692205	337953	463670	697286	685051	696355	697349	237841	337765	697729	696404	697349	697487	292710	697561	696894	299439	696158	696008	693790	697663	683257	695792	347562	502163	696528	693565	697846	697611	692274	694938	697777	695259	697434	695215	697800	696160	697902	697317	687730	685073	695109	687808	696955	696104	694143	696933	599113	694641	675850	658283	658432	696974	693429	447543	517162	694397	680856	690083	494284	599866	666931	695987	696894	696603	697857	689345	696431	695103	293404	698144	515480	695307	687552	695825	693325	691272	695828	695837	671114	695913	624156	696442	689909	697781	696385	696610	694533	649609	697306	694152	694470	696664	697458	696705	697652	697631	696948	645447	689128	693270	692117	686256	668654	695078	666824	695102	695561	687160	695984	606199	693694	686041	695722	660259	695625	686800	543	512	507	445	379	498	1	429	487	457	465	431	36	170	31	392	377	453	463	160	113	36	150	1	41	318	0	429	526	318	416	411	526	88	1	0	27	516	489	430	39	35	163	551	207	1	453	484	183	0	1	501	421	453	502	1	21	31	326	182	253	0	460	484	479	0	166	389	35	458	31	3	169	197	8	432	510	298	460	0	449	0	106	34	32	432	430	488	509	0	530	427	509	467	187	1	478	389	160	293	423	561	501	418	489	373	500	510	354	431	484	295	185	237	293	455	202	204	342	461	395	490	201	465	476	451	426	0	462	3	0	0	503	74	47	499	519	313	31	298	485	32	1	1	0	0	1	426	417	489	39	0	512	464	502	0	1	456	527	435	458	409	490	372	0	35	206	469	338	36	409	38	37	421	393
NC_063229.1	2000001	530508	527844	529649	529621	514665	527333	528392	527562	528275	528354	527418	495419	529551	69951	321662	525178	529786	521987	526390	528992	276879	273315	527550	297026	527996	527175	527121	523656	528324	508593	434771	524596	353542	519096	252499	528432	147552	528098	527781	528763	525903	528038	526144	526193	527914	525882	525413	522615	423779	524676	299892	524361	529620	526756	512449	528121	341911	352136	529222	514106	279925	344359	529138	501236	527765	528250	247985	308358	529245	529036	527036	529521	280148	528819	527761	281068	528175	529374	526852	529209	397901	525522	270520	325462	528278	529021	518145	528832	524787	528907	529397	529057	528152	528075	529523	526922	529470	529505	516402	522487	516210	516051	528923	526601	523581	529186	463463	526682	514876	478284	513192	527287	513300	393108	458888	514661	516428	520870	399909	472009	513351	527907	528444	528651	529746	524798	527377	525926	341744	528770	424955	527253	519720	528631	528458	520430	526376	525220	496400	527843	470414	525446	524767	530271	527489	528466	515924	488367	529528	525432	524106	528587	528801	529295	528061	529845	528731	478729	526211	527670	528396	522982	511229	527373	518331	526941	528943	523463	527389	479975	527649	524817	528664	462660	527334	514882	463	19	21	447	2	11	1	446	148	467	494	453	49	248	417	2	25	526	536	253	47	16	261	1	22	445	398	448	130	380	434	320	457	219	1	0	17	146	124	449	15	418	453	469	466	403	526	418	452	0	397	144	442	480	19	200	20	5	471	1	246	0	507	485	549	0	234	2	21	528	6	6	466	480	14	455	448	472	122	0	526	3	244	5	18	269	454	447	457	0	458	450	451	463	479	1	1	389	447	460	399	474	539	413	138	424	547	501	1	461	488	442	261	389	452	454	464	332	400	537	2	548	490	484	25	463	460	0	536	0	0	0	12	122	27	537	494	352	19	436	544	25	1	1	0	4	3	24	428	536	13	0	12	530	144	0	1	474	455	23	454	23	143	2	0	19	488	1	12	22	23	24	28	442	396
NC_063229.1	3000001	607489	604682	606205	606112	604829	603139	605643	603612	604997	606283	606347	606381	606355	51320	283530	605518	606983	598121	604790	606905	324041	197234	606849	351684	604449	606092	603628	603990	604579	604011	604449	602176	577960	604075	162039	604837	72347	604850	604285	605192	604828	605267	603898	603872	605715	604557	604553	603351	601967	603349	382841	604143	606448	602749	598489	604262	599898	463080	606421	603688	383555	460552	605821	597015	605488	606670	245304	381007	606442	605595	606196	606246	327956	606474	605791	345721	606484	606570	606277	606017	601831	604352	375705	506875	605252	604835	606574	605847	600598	605936	606050	606146	604827	605562	606385	606724	605480	605843	589619	595879	602862	591274	606195	604918	597606	605681	547167	605496	592058	583194	579579	603558	596332	398124	492041	599609	591475	593921	478905	549314	584127	606426	605468	606140	606107	600248	603763	603683	315272	606734	491367	601257	599078	604845	605165	600405	602719	604043	577719	603697	553165	602470	601516	606996	602684	606761	585196	554932	606468	599460	604673	605679	605417	606303	605972	606905	605083	571948	600282	603878	605007	599279	577640	603064	590703	603880	605390	600277	602438	554105	603734	598113	605065	589992	602691	586272	280	330	332	490	4	327	346	257	5	257	316	447	22	74	351	5	9	341	345	182	53	153	119	353	360	475	336	253	329	494	478	364	307	70	296	6	352	332	329	488	352	343	155	298	459	348	334	346	291	70	338	362	485	333	321	315	8	2	481	177	169	0	342	307	345	1	139	6	6	347	159	167	457	306	0	491	286	491	356	0	308	0	92	305	3	516	443	278	282	0	289	487	279	257	463	314	29	451	436	479	230	315	351	242	154	419	346	280	5	241	308	465	243	375	471	165	295	393	448	340	5	347	465	257	314	491	470	0	199	122	0	148	31	88	4	316	308	283	347	445	347	158	360	348	150	0	0	5	478	308	0	148	29	345	5	0	343	495	284	9	487	356	350	359	111	6	292	31	8	4	158	1	145	482	449
NC_063229.1	4000001	785870	785109	785345	785270	773739	782831	784439	783433	784649	784281	784488	781869	785008	67789	387215	783781	785168	779210	784331	785278	354066	247076	784935	398605	784138	784215	784086	783667	784699	766566	754159	783592	760364	775950	219661	783959	96081	784181	784072	784282	783860	784416	783804	783394	784528	783943	783989	782876	748015	783126	430078	783294	785059	783885	779772	783964	769139	518517	784748	783551	412349	567780	784810	771572	784174	785129	295903	458159	785024	784598	784932	785193	389307	785045	784910	384531	784516	785398	784023	785002	758437	783533	406704	608126	784228	784382	785278	785179	783137	785341	785220	785404	785093	785149	785458	784772	785155	785221	776700	776976	784558	777516	785221	784722	782531	784625	703498	784106	762975	741648	759654	784769	784138	535537	646169	784218	766552	781248	613928	708536	761603	784578	785081	784695	785611	782289	784332	784360	400553	785426	625226	783392	776384	784591	784150	782208	784837	783422	767305	784462	717741	785343	777536	785376	783914	784563	784590	740837	784993	783256	783358	784385	784896	785115	784869	785324	784328	732871	779920	784209	783468	777423	750689	784123	768537	782113	784056	776790	784200	720596	781783	778309	784049	744765	783963	776684	439	615	380	461	515	536	524	402	530	411	491	445	29	181	610	532	502	399	406	190	145	551	131	531	540	656	579	404	691	633	444	365	780	110	482	0	528	618	692	659	525	591	299	776	552	595	391	357	725	199	584	711	453	360	603	487	0	0	375	288	331	167	392	836	401	53	157	524	281	406	598	138	565	735	2	468	454	420	708	0	481	0	240	301	0	532	442	430	452	0	441	461	407	409	568	303	223	413	552	373	371	782	402	391	546	503	571	172	485	380	843	361	257	291	365	1	711	291	414	387	532	402	566	411	629	461	559	86	662	393	79	544	220	648	279	491	818	678	519	337	476	538	539	509	550	0	0	523	450	493	0	578	76	403	530	83	500	456	447	527	461	685	523	632	474	0	735	217	455	0	684	80	510	459	424
NC_063229.1	5000001	826584	825956	826207	826131	822049	823769	825301	823969	825347	825316	825443	825996	825474	46941	347231	824881	825951	821397	825272	826000	259536	177309	825400	318808	824710	825133	825106	824363	825383	818926	823648	824817	826215	822719	141546	824805	54267	824778	824777	825161	824912	824940	824565	824211	825205	824332	824765	823868	822670	823598	379460	824470	825836	824746	824436	824852	825952	488784	825769	824639	356264	572308	825495	821747	824556	825919	218041	396024	826095	825375	825525	825954	301659	825767	825227	335091	825350	825989	825043	826000	824134	824318	342866	663638	825195	825334	825841	825883	824553	825791	826058	826167	826065	825925	826330	825998	825968	825878	818839	815991	825146	819584	826118	826268	824180	825402	746691	825251	809595	801901	793017	825588	825518	452650	624852	825485	809546	821352	609548	747870	793708	825507	826287	825634	826321	823558	825164	824859	297035	826190	635783	823950	819386	825099	824445	824856	826227	824354	815072	825125	751469	825994	820009	825987	824817	825604	825547	780161	825996	824543	824481	825215	825551	825811	825704	826197	824991	790968	819816	825030	824009	817957	791099	825462	804643	823019	824661	819447	824457	754144	823168	816520	824390	808749	823623	817354	761	95	729	744	91	94	88	751	93	766	216	763	17	61	216	93	87	219	226	38	1	779	201	94	95	744	213	753	4	756	735	684	848	92	212	0	91	718	4	763	93	733	396	763	771	723	711	667	740	230	731	4	752	220	92	748	1	0	707	18	308	213	223	854	223	43	308	91	90	223	725	203	454	855	0	752	827	751	4	0	744	182	196	715	0	870	769	745	819	0	766	746	762	766	459	722	748	689	771	671	706	498	224	747	767	775	92	86	83	710	880	460	260	436	17	0	820	10	651	208	93	361	457	763	89	739	860	14	776	546	727	758	739	93	94	744	860	678	91	609	215	756	94	89	778	0	693	92	722	729	0	714	0	725	0	743	84	733	733	90	731	4	186	82	208	0	724	719	68	0	483	757	656	730	682
NC_063229.1	6000001	843358	842709	842976	842776	840059	840346	842129	840671	841753	842475	842745	842405	841918	43947	267072	842306	842585	838399	841910	842798	177300	138393	842727	229426	841180	842830	841802	840671	842105	838781	838667	841246	840738	838929	103050	841249	47631	841595	841577	842059	842364	841572	841021	841005	841965	841273	841832	840297	838037	840275	289432	840603	842575	841311	840825	841564	841479	418036	841935	842233	251028	512260	841967	833487	841090	842607	165494	312491	842818	841597	841953	842781	217227	842348	842027	248819	842844	842813	842404	842664	838328	840703	253138	602289	841802	841907	842713	842632	840719	842584	842625	842854	842637	842658	843015	842558	842752	842610	835390	829997	841483	836584	842776	842723	841133	842197	732976	842771	820973	812038	802044	841801	842220	421416	568392	841814	827493	837879	564452	734319	805220	842875	842709	841771	843130	840036	841485	841383	238428	842971	589801	840594	835063	841969	841290	841822	843010	840498	831145	841719	751114	842601	835489	842900	841398	842995	842178	791965	842708	840956	841708	841902	842179	842597	842392	842788	841661	800545	833830	841213	839379	832180	814129	841923	810006	839428	841110	831801	841263	746513	838310	830723	840159	816805	840326	833330	755	440	716	731	810	387	388	753	836	762	697	747	9	140	724	828	780	793	808	110	64	440	124	380	398	793	701	751	662	779	793	422	723	56	680	0	387	317	679	798	385	792	489	420	763	796	728	413	411	118	774	685	789	469	442	762	164	0	803	36	204	713	758	786	802	93	196	840	823	469	749	140	289	570	1	425	673	753	681	0	768	143	124	764	0	781	753	741	571	0	763	747	752	762	685	766	683	680	750	405	695	230	477	747	786	628	839	797	774	673	795	439	238	222	0	0	558	0	604	421	842	0	284	757	370	730	742	197	798	268	768	367	437	390	828	754	778	646	377	356	719	741	398	688	421	0	687	830	721	743	0	746	50	743	0	796	352	715	739	834	722	668	428	781	693	343	176	431	665	344	221	786	711	733	705
NC_063229.1	7000001	833416	832417	832686	832508	814022	830587	832072	830732	832244	830480	830255	831814	832455	80047	468292	828991	832852	827293	832008	832946	409543	318607	830913	462790	831767	829645	831907	830857	832341	799463	813727	830941	796603	818793	278206	831645	123289	831691	831541	831878	829480	831977	831758	831394	832188	831486	831814	830323	795060	830675	493725	830953	832736	831418	826929	831386	820850	583397	832566	828806	468913	609688	832207	813823	831758	832821	339215	500822	832637	832147	832495	832754	434629	832595	832416	425494	830528	832917	829603	832660	814720	831173	477089	637207	831672	832186	832936	832539	830080	832515	832631	832675	832662	832687	833148	832064	832793	832704	820921	825045	832280	823141	832932	831748	829786	832204	744009	830473	812937	780676	808753	832415	831125	542526	679834	831496	813750	828935	646090	746018	811041	830215	832292	832256	833163	828944	832043	831830	440279	832936	659998	830952	819587	832360	831770	827882	832193	831417	810616	831947	761721	832447	823953	833007	831450	830556	832369	787766	832799	830544	828695	831839	832432	832658	832525	833030	832031	765704	828139	831853	830087	823117	793853	831966	811814	829690	830921	820511	831601	753173	828037	825957	831081	782388	831192	822375	450	438	2	744	734	258	262	670	757	678	755	777	62	306	441	761	710	757	779	281	180	779	287	261	263	795	104	671	697	778	768	682	748	187	744	0	264	261	728	802	264	790	661	370	312	790	737	653	360	197	779	736	783	658	430	677	441	0	766	122	339	107	750	800	775	43	334	754	750	694	756	289	0	503	0	703	761	760	730	0	799	138	364	664	0	323	776	757	507	0	783	759	674	684	676	671	671	656	306	686	599	266	695	303	811	576	748	732	698	633	796	262	316	458	0	0	488	1	670	659	754	0	0	678	237	367	663	330	821	306	781	0	0	261	715	671	780	644	261	619	106	768	268	654	438	1	735	735	362	672	0	737	665	756	0	787	238	749	751	753	750	706	0	729	109	443	516	0	657	438	258	108	707	741	683
NC_063229.1	8000001	810044	809327	809539	809553	761409	807318	808408	807428	808812	806036	805426	781985	808858	106295	472132	802441	809255	803076	808455	809559	387165	363734	806394	440192	808154	803902	807491	806946	808894	747383	703197	806267	549353	751859	324687	808036	183786	808369	807710	808651	803048	808143	807597	807731	808632	807514	807543	806584	687422	807065	437770	807041	809213	807324	795853	808342	643491	522364	808276	802377	412707	533454	808504	783551	807426	809440	332444	434356	809243	808529	808493	809204	390530	809234	808570	395107	805962	809587	802798	808967	701098	807572	418374	525861	808048	807874	809564	809441	807315	809361	809279	809628	809237	809387	809776	805986	809485	809322	793886	795649	808215	794137	809255	804676	802889	808752	702882	805395	785525	732511	776958	807111	804785	502505	645294	805576	788762	802279	589548	709143	780743	805645	806952	808605	809636	803753	808432	808467	443831	809520	610835	805737	791117	808601	808396	797139	805986	806671	769751	807810	729358	808346	799604	809502	807860	806056	808217	759472	809279	804468	802944	808379	808896	809175	809021	808896	807322	721095	801884	808350	803553	798806	773774	806530	778995	805416	807411	792897	807200	713803	804168	799950	806810	715661	806243	789245	2	228	0	616	624	2	3	645	643	656	687	627	50	265	640	646	610	701	710	274	185	624	254	621	2	455	335	649	616	400	452	503	613	221	696	0	2	2	637	456	2	450	223	664	658	451	630	619	643	58	455	650	451	626	223	551	368	0	695	1	289	300	682	455	698	105	302	635	638	704	640	49	0	676	0	708	650	652	638	0	715	267	286	228	2	677	627	605	680	0	629	650	650	656	655	229	661	575	628	700	578	2	697	628	725	554	639	614	576	605	451	2	266	489	3	2	651	1	547	661	642	2	0	656	2	664	637	273	735	118	438	0	237	2	608	650	449	534	2	629	295	616	2	616	226	3	591	641	637	644	553	631	732	647	3	453	2	633	639	641	626	607	0	620	291	222	481	0	527	223	2	296	552	630	576
NC_063229.1	9000001	775804	775039	775271	775193	742975	773126	774361	773039	774588	773394	772908	725113	774794	106965	500062	771458	773934	768466	774104	775151	389495	373704	773263	451110	773551	772561	774043	773517	774376	719273	631829	772913	491857	726888	346197	773784	193989	773988	773496	774094	772181	774039	773741	773839	774434	773717	773876	772726	626128	772932	427395	773292	774953	773583	760639	773793	513810	515039	774194	770608	405508	518587	774345	734890	773779	775122	340506	440292	774799	773979	773987	775209	400805	774780	774351	386727	773168	775373	771756	774873	598320	773604	414954	490054	773756	774370	775049	775257	773150	775236	775144	775275	774989	774982	775343	769922	775155	774879	762527	764641	774383	760417	775169	771800	769454	774618	677618	772942	753085	688448	752515	774576	771360	544213	670195	773006	753053	770853	585140	684836	756255	773248	774125	774677	775514	769513	774519	774175	486617	775225	619165	772668	755049	774584	773972	761496	772898	773652	733106	774295	698265	775026	766051	775059	774031	773677	774759	722207	774876	771128	771701	774172	774749	774881	774778	775135	774506	680099	769969	774474	772813	763651	738901	773516	752866	771761	772884	755408	773537	689625	770962	769302	773737	662029	773272	758530	2	0	0	332	313	2	2	330	334	336	680	334	41	164	333	335	311	714	734	317	109	335	173	713	2	2	330	331	310	2	2	499	320	125	718	23	2	2	333	2	2	2	2	136	134	2	321	582	127	1	1	337	2	639	0	38	210	0	723	1	332	729	687	2	698	239	177	329	327	739	333	125	0	509	0	741	336	334	330	0	715	43	68	2	0	138	336	327	420	0	335	332	336	338	395	2	399	294	123	728	281	2	728	118	721	292	327	324	297	693	2	2	179	532	0	0	404	2	298	708	329	0	0	337	2	137	328	193	733	0	2	0	333	2	310	325	2	309	2	653	733	335	189	320	186	0	318	337	120	330	716	324	723	330	0	2	2	325	334	332	331	324	0	326	725	0	129	0	124	0	3	735	266	328	301
NC_063229.1	10000001	829325	828631	828782	828770	827253	826143	827988	826653	827907	828337	828346	828799	828348	62506	411478	828061	828730	823426	827670	828706	325877	222824	828563	377230	827410	828307	827536	826645	828153	825854	826793	826893	821543	826787	173369	827140	76177	827490	827407	827627	827872	827433	827078	827022	827888	827186	827514	825961	823079	826346	437823	826869	828483	827363	825576	827460	826942	556971	828270	827745	405591	609751	828109	822513	827206	828635	263761	469837	828568	827784	828152	828720	369904	828458	828051	374632	828651	828808	827961	828220	826538	827116	406623	688612	827798	828032	828761	828571	826546	828882	828692	828883	828551	828503	828938	828550	828651	828626	821842	818639	827760	822065	828710	828880	827007	828151	758735	828571	810481	798426	795585	827810	828041	530900	664709	828128	810231	824740	648268	756984	800774	828425	828847	828288	829060	825903	827500	827672	365425	828929	663680	826550	821083	828125	827300	827864	828822	826856	817488	827495	761247	828758	821025	828682	827398	828753	828254	780240	828585	826934	827499	827968	828447	828517	828325	828826	827648	785326	821548	827458	825322	821069	794839	827839	806101	825716	827041	822235	827199	763545	824627	819836	826972	807259	826469	820801	561	358	0	498	414	556	555	469	431	474	166	488	12	125	539	428	401	704	717	111	53	489	119	699	567	68	515	470	527	72	70	713	487	58	159	23	555	559	528	72	554	72	376	469	213	71	485	415	450	107	70	535	71	394	356	0	207	0	710	161	187	473	693	70	413	97	192	431	417	410	549	127	0	331	3	418	499	500	528	0	606	70	132	379	0	222	486	474	646	460	487	497	471	473	595	382	592	453	214	407	438	563	414	208	499	432	432	413	405	391	71	559	170	284	0	170	615	1	437	389	428	0	0	476	533	467	461	44	503	229	70	1	464	555	496	471	68	610	550	379	476	479	539	439	556	0	453	538	454	473	704	536	497	486	69	70	528	488	481	426	490	513	0	517	458	353	162	0	0	348	548	474	463	483	453
NC_063229.1	11000001	831480	830833	830960	830972	826063	828984	830088	828665	830214	829475	829152	830902	830586	77929	461717	828496	831127	826593	830164	830909	322368	271022	829889	381913	829762	828819	830051	829345	830233	814040	826748	829075	830280	827859	222810	829679	106368	829770	829307	830085	828850	829775	829704	829463	830222	829316	829987	828391	823319	828406	424680	829395	830828	829651	827136	829668	830752	568105	830471	828408	397866	581809	830068	822293	829352	830835	269195	420743	830611	829383	830378	830923	339661	830746	830145	373244	830005	830997	828804	830767	829269	828973	397882	648595	830265	830042	830974	830991	829161	830872	830742	831171	830858	830896	831174	830806	830993	830819	821975	817179	829986	823052	830895	830102	828606	830440	730621	829159	806128	795353	785094	830182	829734	481264	616658	829672	811644	825588	604407	727959	792538	829601	830824	829835	831171	827142	829722	829682	321527	831021	622024	828402	821114	830301	829298	828304	830354	829170	814930	829647	743903	830432	822244	830933	829333	830009	830458	771726	830870	828078	828101	830024	830297	830540	830489	831054	829735	780920	819732	829676	825293	820058	796156	829558	797604	828068	829098	820117	829486	734924	825352	818185	828419	802625	828411	821546	751	2	1	752	690	740	732	510	713	522	638	751	24	254	741	711	667	771	778	56	145	751	146	774	753	750	722	510	732	649	733	787	523	86	611	43	741	735	742	748	736	634	732	228	707	640	731	552	221	2	486	747	635	522	2	0	392	0	779	283	292	272	758	573	557	46	257	700	692	559	702	222	0	543	0	565	755	752	731	0	686	239	144	741	0	733	751	724	646	746	754	750	516	517	450	752	448	474	712	545	382	750	555	683	779	522	710	675	664	508	747	735	289	342	0	494	610	1	438	528	713	0	725	619	698	225	602	71	779	1	617	0	500	740	510	508	730	391	734	486	272	729	749	491	709	1	673	736	225	516	774	753	777	742	653	644	687	716	747	703	734	714	0	699	272	1	226	0	108	1	686	271	707	723	692
NC_063229.1	12000001	840409	839861	839861	839947	835231	837902	839221	838080	838708	838967	839123	838836	838370	53286	273830	838872	839476	837129	838850	839797	89165	161819	838882	132574	838798	839026	839145	838256	839552	830460	837159	838807	839457	833861	121377	838659	53900	838864	838939	838957	839100	837683	838504	838203	839297	838730	838858	837613	836325	837617	183006	838226	839882	838777	839461	838783	837952	360028	838321	838747	161682	382223	838785	830925	837283	839566	106141	172175	840132	838364	838660	839850	104250	839169	839288	175789	839316	840136	839169	839827	831596	837452	159972	466652	839255	838901	840000	839884	838105	839891	839764	839986	839787	839813	840168	839378	839832	839838	831633	808003	837821	833866	840004	839822	837978	839318	651553	839472	795828	793215	740032	836412	839427	331094	437490	838962	808629	830579	426000	639586	768112	839798	839824	838142	840283	836871	838784	838757	126545	840063	454136	836784	828613	839199	838036	838895	840023	837197	831778	838433	694520	839472	822169	839309	838003	839845	839116	744032	839762	836257	838054	839197	839307	839711	839409	839952	838222	769806	813737	837879	823599	816885	823004	838837	754230	835604	833825	816263	836537	643668	827547	809569	833529	806510	832348	825483	625	1	1	765	680	623	612	814	708	824	787	772	16	75	796	699	683	738	191	14	64	787	48	759	629	693	775	817	753	82	691	772	1	41	796	12	778	612	776	707	609	84	612	631	402	83	761	11	625	3	806	798	85	245	1	0	169	0	780	77	109	70	712	603	11	12	73	711	691	243	706	45	376	471	0	11	789	789	225	565	680	54	290	625	0	410	788	767	484	789	787	784	819	824	820	630	817	1	364	11	528	447	245	371	775	406	697	641	609	12	690	608	192	6	1	741	442	1	1	223	710	81	786	629	601	622	612	12	784	3	81	0	804	618	1	811	682	518	607	15	92	724	811	785	714	1	650	781	594	807	775	773	767	522	83	84	516	722	768	679	715	777	0	657	91	2	587	0	382	2	353	92	680	173	163
NC_063229.1	13000001	843965	843228	843301	843097	841230	841254	842457	841204	842189	842483	842357	843311	842584	70037	411396	841356	843508	839317	842042	843108	228630	244855	842575	292989	841949	842075	842326	841427	842548	834608	840667	841639	843474	841907	197421	841864	85595	841933	841938	842326	841256	842147	841901	841667	842494	841691	842125	840610	840070	840939	325638	841694	843165	841849	840978	842072	842898	524388	842341	841536	321075	498988	842249	834453	841352	843179	205315	300755	843230	841502	842687	843109	231278	842732	842197	303809	842874	843398	841702	843125	841846	840715	292365	568634	842385	842153	843331	843028	840968	843103	843048	843383	843195	843221	843568	843296	843276	843194	834234	821565	841632	836279	843344	843081	841029	842580	690002	842226	810912	797855	770716	841855	842847	367907	514055	842385	817366	836891	520635	692917	789062	842822	843524	841628	843685	840600	842400	842100	225699	843642	544807	840846	832689	842501	841778	841618	843560	841023	830812	842154	725168	843047	829816	842995	841769	842798	842551	766548	843081	841174	841421	842216	842925	842930	842747	843437	842340	778419	827216	841825	833817	825279	815769	842455	788266	839570	839883	826548	841061	706426	836930	823247	839677	811156	839000	832326	447	318	0	778	521	540	440	866	551	878	768	763	21	171	765	548	518	725	40	1	120	774	156	575	451	286	742	650	751	606	282	590	342	3	751	31	773	440	761	287	434	745	675	577	865	610	752	570	466	91	858	769	607	857	425	0	324	0	482	125	202	1	440	674	574	3	173	544	538	866	286	84	759	1	102	580	781	785	775	538	282	190	192	678	0	764	771	739	569	781	773	776	870	879	369	692	362	320	708	563	35	766	876	721	324	536	491	509	474	484	284	496	151	255	0	779	536	120	331	786	549	616	457	690	508	574	671	3	688	246	39	421	855	513	426	684	280	33	433	452	39	743	767	835	289	0	650	763	562	869	581	752	325	0	757	601	396	615	772	541	614	734	0	673	38	447	309	0	18	433	708	39	698	590	558
NC_063229.1	14000001	810241	809509	809646	809751	806363	807431	808964	807392	808787	809240	809280	809364	809385	54741	378498	808477	809312	805702	808842	809578	242391	197032	809295	305085	808268	809165	808646	807885	809059	804857	808276	808339	809621	806971	153480	808106	65179	808257	808652	808518	808952	808363	808316	807969	809017	808246	808474	807195	807149	807347	348415	807980	809588	808259	808219	808236	809259	488978	809373	808562	342591	540577	808871	805345	808191	809420	209502	349282	809457	808694	809201	809644	254982	808933	808770	333871	809446	809524	809222	809378	807399	807870	300656	632191	808653	808797	809587	809676	807705	809559	809528	809840	809347	809473	809816	809569	809580	809538	801793	797142	808652	803341	809539	808972	807208	809173	725458	808422	790004	781772	767645	808636	808395	395113	594300	808466	793123	804165	569397	723710	771266	809318	809409	808674	810014	806264	808424	808571	265513	809846	602859	806995	802925	808882	808339	807256	808974	808034	798155	808408	730512	809702	802016	809809	808237	809481	808960	753791	809513	807034	808029	808845	809104	809457	809247	809947	808430	772444	801169	808244	805703	799323	776114	808500	780531	806690	808240	800576	808147	732556	805400	798212	807249	787701	807298	799945	741	293	0	533	620	334	723	663	257	592	504	417	24	50	642	229	612	225	590	96	69	424	114	695	648	627	625	335	624	392	624	623	0	55	526	15	535	631	632	642	571	622	413	481	106	500	527	555	570	156	546	641	533	428	330	0	228	0	414	26	240	6	401	104	564	75	25	278	256	429	641	129	629	6	1	564	401	159	627	227	633	93	34	102	299	506	422	411	559	537	269	297	433	435	355	103	348	0	487	330	551	609	519	485	479	82	606	609	109	503	640	650	87	327	435	96	535	414	505	392	229	544	636	304	359	600	101	91	105	434	571	1	660	103	494	445	209	512	722	488	587	413	509	414	646	120	380	632	584	550	559	637	390	485	643	537	647	115	397	255	119	498	0	602	573	635	474	90	488	630	573	578	399	530	498
NC_063229.1	15000001	832545	831549	831764	831925	811490	829627	831157	829741	831352	829205	828930	831644	831820	104581	500518	827894	831771	826885	830805	831590	371212	311345	829559	438605	830754	828450	830781	830167	831098	785634	824084	830365	831005	816109	279132	830332	143030	830637	830608	830808	828339	830520	830609	830501	831283	830494	830756	829385	802590	829640	460939	829978	831673	830519	828109	830858	831004	595933	831363	827439	471040	600734	831187	823320	830803	831789	312474	442939	831833	831078	831575	831793	358446	831538	831415	455816	829538	832105	827992	831801	821688	830087	411154	664675	830888	831277	831852	831532	829384	831438	831253	831780	831367	831631	832128	831571	831772	831590	821672	820137	831149	824387	831900	831562	829567	831416	739475	829490	810561	789232	791013	831239	830988	457110	611176	831247	814182	827648	617735	743447	800079	829636	832130	831345	832364	828672	831074	830650	338504	832181	629859	829693	824230	831217	830383	829932	832008	830280	815626	830774	753704	831638	824182	832059	830564	829696	831245	779559	831744	829513	827427	831060	831589	831903	831494	832167	830824	784419	824115	830732	826850	823018	798349	831237	807753	829058	830150	820002	830081	751869	826407	820523	829772	792412	829625	823066	277	278	1	147	733	427	268	581	677	744	746	284	64	220	676	491	637	484	179	51	163	286	252	725	1	663	658	399	634	283	659	550	517	114	664	80	516	2	565	588	519	667	283	196	479	101	515	600	530	232	714	676	560	272	3	0	293	0	398	0	203	596	389	1	632	40	1	399	553	286	674	194	667	600	2	638	584	2	736	411	651	107	0	393	2	199	285	281	434	562	2	306	286	289	614	2	607	384	113	274	487	433	566	536	730	1	1	144	0	604	671	582	261	420	726	3	391	177	1	364	610	570	672	1	142	388	1	234	0	461	171	447	570	521	727	743	1	454	271	548	172	280	747	650	677	395	297	674	383	729	739	672	1	553	680	561	260	386	575	670	388	646	2	637	174	669	190	564	454	667	409	175	262	553	491
NC_063229.1	16000001	672217	671459	671725	671795	665462	670072	670985	669857	670333	669972	670252	670849	670230	71087	338072	669335	671397	667269	670735	671694	196121	229518	670498	229621	670589	669236	670995	670032	671181	660809	668243	670475	671289	666121	192259	670598	94492	670559	670677	670717	669209	670343	670636	669597	671024	670482	670592	669659	660102	669874	232682	670292	671537	669916	669382	670351	671384	381223	669577	668767	251440	331650	671128	655233	669269	671481	173414	214734	671708	667835	671159	671625	178024	671135	671096	240086	670341	671807	669297	671613	666941	669868	227876	375840	671160	670784	671681	671614	670169	671560	671390	671674	671582	671788	671897	671374	671448	671502	665166	643822	670446	665650	671727	671486	669259	671263	493793	670393	629146	609158	580573	669808	670737	283519	350432	670836	640219	664902	356445	478232	608974	670315	671702	668662	671877	668990	670668	670588	162062	671982	371174	669357	654114	670964	670381	669307	671597	669794	661501	670512	543775	671527	654272	671088	670440	670588	671221	586986	671637	668225	669213	671013	671135	671611	671548	671897	670779	584619	648950	669665	652452	648951	653558	670457	587194	668312	664236	647567	668809	497745	659112	643567	665417	633352	666066	659711	1	1	287	0	393	403	1	348	403	404	402	310	21	111	398	210	366	205	0	1	98	412	129	401	1	395	387	206	398	401	385	67	395	27	395	28	397	284	65	199	397	396	404	339	393	0	398	67	191	133	402	404	64	179	271	1	46	0	209	0	78	199	207	0	66	1	0	341	392	404	398	105	393	198	0	67	350	286	402	67	390	145	0	403	0	342	404	404	259	408	0	355	404	410	388	0	391	182	263	399	179	255	67	190	397	134	0	1	0	189	398	341	137	208	386	270	65	161	0	64	403	67	390	0	1	333	203	113	1	228	0	179	386	68	396	402	1	181	0	66	0	299	405	395	403	204	297	403	188	404	397	393	0	408	406	66	0	329	348	291	332	387	283	355	0	396	325	368	110	377	229	0	64	64	188
