chrom	window_start	sites_total	calls_AL101	calls_AL102	calls_AL103	calls_AL114	calls_AL119	calls_AL120	calls_AL121	calls_AL124	calls_AL125	calls_AL127	calls_AL129	calls_AL133	calls_AL134	calls_AL137	calls_AL138	calls_AL141	calls_AL142	calls_AL143	calls_AL146	calls_AL149	calls_AL153	calls_AL155	calls_AL156	calls_AL159	calls_AL160	calls_AL162	calls_AL166	calls_AL170	calls_AL173	calls_AL174	calls_AL175	calls_AL176	calls_AL177	calls_AL178	calls_AL180	calls_AL181	calls_AL182	calls_AL184	calls_AL185	calls_AL187	calls_AL189	calls_AL193	calls_AL196	calls_AL197	calls_AL199	calls_AL200	calls_AL201	calls_AL204	calls_AL207	calls_AL208	calls_AL209	calls_AL210	calls_AL213	calls_AL215	calls_AL216	calls_AL220	calls_AL223	calls_AL231	calls_AL238	calls_AL241	calls_AL242	calls_AL243	calls_AL244	calls_AL246	calls_AL254	calls_AL255	calls_AL256	calls_AL263	calls_AL266	calls_AL269	calls_AL272	calls_AL273	calls_AL274	calls_AL276	calls_AL278	calls_AL279	calls_AL283	calls_AL284	calls_AL288	calls_AL292	calls_AL300	calls_AL303	calls_AL304	calls_AL307	calls_AL309	calls_AL313	calls_AL32	calls_AL35	calls_AL75	calls_AL82	calls_AL86	calls_AL88	calls_AL91	calls_AL92	calls_AL95	calls_AL97	calls_AL99	calls_K1423	calls_K1461	calls_K1542	calls_K1544	calls_K1567	calls_K1579	calls_K1580	calls_K1583	calls_K1603	calls_K1606	calls_K1608	calls_K16100	calls_K1614	calls_K1617	calls_K1618	calls_K1623	calls_K1627	calls_K1632	calls_K1640	calls_K1650	calls_K1660	calls_K1663	calls_K1665	calls_K1669	calls_K1672	calls_K1680	calls_K1684	calls_K1693	calls_K1696	calls_K17007	calls_K17008	calls_K17010	calls_K17013	calls_K17014	calls_K17025	calls_K17028	calls_K17030	calls_K17032	calls_K17033	calls_K17034	calls_K17035	calls_K17037	calls_K17040	calls_K17042	calls_K17044	calls_K17045	calls_K17048	calls_K17052	calls_K17053	calls_K17056	calls_K17062	calls_K17064	calls_K17073	calls_K17077	calls_K17078	calls_K17081	calls_K17083	calls_K17087	calls_K17091	calls_K17094	calls_K17098	calls_K17099	calls_K17101	calls_K17102	calls_K17103	calls_K17104	calls_K17106	calls_K18010	calls_K18017	calls_K18019	calls_K18022	calls_K18034	calls_K18078	calls_K18083	calls_K18084	calls_K18091	calls_K19018	calls_K19019	hets_AL101	hets_AL102	hets_AL103	hets_AL114	hets_AL119	hets_AL120	hets_AL121	hets_AL124	hets_AL125	hets_AL127	hets_AL129	hets_AL133	hets_AL134	hets_AL137	hets_AL138	hets_AL141	hets_AL142	hets_AL143	hets_AL146	hets_AL149	hets_AL153	hets_AL155	hets_AL156	hets_AL159	hets_AL160	hets_AL162	hets_AL166	hets_AL170	hets_AL173	hets_AL174	hets_AL175	hets_AL176	hets_AL177	hets_AL178	hets_AL180	hets_AL181	hets_AL182	hets_AL184	hets_AL185	hets_AL187	hets_AL189	hets_AL193	hets_AL196	hets_AL197	hets_AL199	hets_AL200	hets_AL201	hets_AL204	hets_AL207	hets_AL208	hets_AL209	hets_AL210	hets_AL213	hets_AL215	hets_AL216	hets_AL220	hets_AL223	hets_AL231	hets_AL238	hets_AL241	hets_AL242	hets_AL243	hets_AL244	hets_AL246	hets_AL254	hets_AL255	hets_AL256	hets_AL263	hets_AL266	hets_AL269	hets_AL272	hets_AL273	hets_AL274	hets_AL276	hets_AL278	hets_AL279	hets_AL283	hets_AL284	hets_AL288	hets_AL292	hets_AL300	hets_AL303	hets_AL304	hets_AL307	hets_AL309	hets_AL313	hets_AL32	hets_AL35	hets_AL75	hets_AL82	hets_AL86	hets_AL88	hets_AL91	hets_AL92	hets_AL95	hets_AL97	hets_AL99	hets_K1423	hets_K1461	hets_K1542	hets_K1544	hets_K1567	hets_K1579	hets_K1580	hets_K1583	hets_K1603	hets_K1606	hets_K1608	hets_K16100	hets_K1614	hets_K1617	hets_K1618	hets_K1623	hets_K1627	hets_K1632	hets_K1640	hets_K1650	hets_K1660	hets_K1663	hets_K1665	hets_K1669	hets_K1672	hets_K1680	hets_K1684	hets_K1693	hets_K1696	hets_K17007	hets_K17008	hets_K17010	hets_K17013	hets_K17014	hets_K17025	hets_K17028	hets_K17030	hets_K17032	hets_K17033	hets_K17034	hets_K17035	hets_K17037	hets_K17040	hets_K17042	hets_K17044	hets_K17045	hets_K17048	hets_K17052	hets_K17053	hets_K17056	hets_K17062	hets_K17064	hets_K17073	hets_K17077	hets_K17078	hets_K17081	hets_K17083	hets_K17087	hets_K17091	hets_K17094	hets_K17098	hets_K17099	hets_K17101	hets_K17102	hets_K17103	hets_K17104	hets_K17106	hets_K18010	hets_K18017	hets_K18019	hets_K18022	hets_K18034	hets_K18078	hets_K18083	hets_K18084	hets_K18091	hets_K19018	hets_K19019
NC_063219.1	1	490390	488664	489595	488956	472503	487604	488984	487113	482009	488311	488998	467406	489320	66044	320470	486689	489113	483347	488100	489628	324284	240048	489032	336557	487579	487687	488730	487447	488810	469965	447108	486781	408241	481695	221304	481864	121864	487868	487923	488615	487666	488843	488837	488467	488995	480661	488969	487804	418330	478923	327103	480835	489459	487879	483221	477495	339841	385365	488449	479674	334640	367307	489147	458459	481999	489575	266523	341272	489256	482360	488913	489794	314901	489197	489483	313944	488603	489352	488189	489339	399355	487695	327597	345052	488756	488369	489693	489259	486725	489762	489471	489898	489092	489469	484282	488698	489625	489260	468663	483818	488891	468542	489697	488286	475810	489399	430339	487947	474034	437164	478325	488200	484141	370372	443716	485823	476679	483360	401587	433411	479520	488657	488503	489528	489831	474687	488637	487932	342591	489606	406601	486565	476091	479583	488480	481343	486117	487833	465664	487706	445924	488737	477818	489778	488200	489287	489577	457610	489626	486515	486491	488288	489141	489332	488997	489865	488238	431896	479007	488671	488635	478026	457116	485286	479637	487437	483848	475296	476653	448096	480557	485919	488345	434323	480477	476957	378	266	475	261	327	264	475	398	456	127	445	464	41	197	453	458	316	449	465	240	136	381	260	448	454	300	452	372	362	462	475	393	490	122	424	73	380	439	419	266	235	128	6	486	2	123	121	1	345	246	380	499	373	5	0	292	275	125	544	212	193	259	519	399	260	185	197	490	430	382	3	238	460	264	219	467	381	493	3	2	440	0	343	2	489	498	383	456	461	4	266	379	475	402	455	292	451	326	456	455	341	5	5	367	7	7	464	371	5	453	490	436	217	7	479	468	256	401	398	364	494	373	465	434	467	309	483	262	383	320	326	434	494	485	433	497	477	205	459	6	268	537	410	124	292	4	6	339	149	451	377	1	380	374	386	335	114	541	382	267	539	420	378	424	259	443	432	491	439	447	484	262	1	535	407
NC_063219.1	1000001	768904	767613	767697	767511	766243	764641	766574	765070	766201	766879	767356	766309	767768	70021	397738	766814	767965	761051	766687	767739	418010	245230	767909	459368	765909	767230	766360	765493	766717	764492	760962	765497	752781	765982	209406	765716	97533	766097	766281	766297	766662	766421	765754	765427	766791	765674	766252	764738	753347	764843	477605	765378	767565	765769	763047	764962	756475	568760	767181	766420	491364	584546	766845	755026	766184	767713	333911	493042	767853	766702	767519	767920	409273	767446	767133	451405	767871	767968	767186	767550	748646	765677	450837	625423	766415	766216	767626	767734	764846	767598	767649	768010	767432	767317	767529	767696	767685	767406	757845	762050	767379	759852	768203	768028	765264	767284	693115	767860	748479	717996	743692	767832	766925	540501	653738	766878	745242	763233	610330	698507	745759	767739	768296	767420	768219	763661	767012	766629	422196	768406	629534	766169	758189	766715	766278	765105	767758	765678	750743	766945	700307	767721	760429	768280	766513	767962	767828	714863	767644	765490	766315	766849	767642	767596	767259	768166	766809	704602	763956	766830	767263	760220	719569	767196	747556	765648	765602	757949	766211	702694	762308	761489	766587	730560	766251	758001	668	700	585	735	767	680	816	422	750	699	530	523	15	234	646	760	685	644	477	239	71	671	280	471	657	735	453	453	866	849	817	478	831	143	933	56	616	658	832	731	689	469	376	828	0	466	464	1	912	416	742	771	854	316	467	767	458	478	669	436	396	727	670	631	738	272	136	794	928	666	394	200	526	734	98	480	705	799	385	0	652	124	582	385	915	734	668	569	475	394	701	798	582	640	668	799	661	838	461	466	705	389	327	734	384	0	473	855	359	430	829	465	404	0	428	561	692	553	833	737	797	680	525	843	786	385	807	186	674	592	739	934	897	822	720	434	829	612	452	192	725	665	661	625	800	391	358	400	773	2	868	386	875	674	876	750	704	656	695	699	671	714	682	818	711	13	938	739	425	11	776	724	375	662	450
NC_063219.1	2000001	810842	809716	809815	809713	804792	807234	809013	807335	808485	808501	808830	810079	809560	61713	353837	808461	809966	803752	809223	810030	292316	207621	809621	356860	808581	808856	808704	808091	809343	800838	804709	807953	808986	805768	167780	808155	85004	808579	808787	808734	807752	808631	808188	808507	808852	808269	808390	807122	800559	807213	397226	808071	809755	808122	806430	808377	809370	495744	809402	807497	365050	568843	808913	800938	808512	809928	244494	422941	809976	808764	809553	810112	336811	809777	808666	335145	809288	810179	808443	809788	805039	808230	378638	648371	808829	808845	809677	810090	807466	810204	810064	810056	809547	809691	810137	809936	810113	810146	798836	801884	809329	801835	810256	809150	806556	809569	735515	808739	792639	772847	783518	808807	808123	504927	647587	808668	790526	803906	617546	738487	782967	809098	809762	809359	810404	805136	809252	808386	341705	810331	641549	806870	801836	808836	808592	805886	809143	807649	791224	808459	735853	809243	804104	810093	808460	809625	809511	759019	809958	807280	807650	808522	809617	809878	809568	810301	808273	764132	806039	809291	808277	803700	764247	808482	788990	806998	808147	801952	808877	741933	805856	801940	808231	778255	807872	801661	510	528	841	702	221	917	695	835	950	536	858	847	38	267	809	948	891	808	797	248	107	515	264	769	813	694	773	760	845	818	737	801	697	106	906	71	755	465	905	743	497	8	705	711	399	0	776	0	864	312	881	903	851	778	638	907	417	789	852	275	469	738	834	827	458	131	296	903	904	507	713	259	850	737	0	798	503	828	709	0	791	317	650	704	749	0	511	551	796	703	537	218	836	842	478	897	475	693	774	788	821	717	810	876	713	2	641	830	670	737	700	776	373	1	1	540	717	560	805	783	905	856	854	922	670	882	690	211	514	584	922	900	132	690	529	1	450	615	0	748	737	839	819	821	908	515	668	709	874	0	854	704	855	850	870	940	704	829	499	907	829	896	483	910	727	12	903	479	0	15	875	742	684	835	726
NC_063219.1	3000001	837149	836433	836623	836454	834236	834442	835472	834680	835086	836226	836371	835723	835762	37179	293111	836224	836374	833386	835541	836511	155140	152682	836528	206736	835251	836518	835691	834741	835981	833023	833944	835389	836444	832972	113238	834952	46930	835074	835392	835569	836244	834691	835086	834672	835984	834904	835529	834207	834804	834118	268985	834614	836257	835358	836283	834986	835709	403174	835573	835917	240811	465323	835975	829573	834717	836442	153548	282759	836697	835581	835868	836585	187087	836215	836027	236233	836829	836740	836326	836490	833036	834618	238006	575505	835680	835678	836444	836623	834912	836547	836554	836771	836425	836198	836792	836234	836561	836502	829123	813934	835273	830441	836623	836920	835015	836214	706197	836443	804382	804213	768309	835201	836130	416859	537759	835970	813577	829368	534739	692190	783360	836670	836795	834980	836694	833570	835424	835247	207573	836784	554258	834460	828808	835392	834965	836109	836642	833853	827660	835241	727481	836609	824570	836433	835050	836645	835951	768092	836418	834398	835598	835874	835989	836460	836029	836803	835445	787240	819604	834687	828094	820260	814650	835536	787676	832736	833184	820722	834181	712410	829134	818951	833109	812231	832614	827845	544	683	606	589	344	664	585	461	659	0	542	549	11	136	662	657	624	645	552	72	44	243	85	537	667	591	532	643	564	398	99	548	573	40	356	13	645	567	571	103	659	0	100	583	311	0	537	0	566	125	532	544	566	655	456	539	213	538	542	96	205	102	512	586	0	0	36	700	317	239	103	76	546	98	95	553	686	547	103	0	644	112	393	101	288	0	541	532	542	0	0	714	605	606	565	694	571	600	512	525	291	102	663	168	100	0	292	544	97	473	585	537	110	0	0	506	98	314	425	635	700	544	548	580	567	678	581	63	244	385	616	556	370	591	0	0	1	83	0	460	101	528	664	566	701	540	95	101	665	1	576	101	713	594	545	648	271	514	668	678	514	641	665	638	98	645	544	655	158	629	101	99	97	519	514
NC_063219.1	4000001	758779	757604	758088	757565	755888	755965	757332	755999	757027	757730	757759	758024	757138	50434	310181	757497	758194	753586	756905	758364	130627	163003	758071	183287	757076	757606	757299	756659	757610	755305	753694	756785	757379	755841	142660	754752	56806	756740	756751	756786	757941	756692	756703	756504	757285	756485	756980	756190	754107	755468	210814	755942	757990	757170	756436	756547	757494	367421	757167	757426	190592	412355	757453	752921	755838	757572	125762	221298	758288	756702	757800	758080	142612	757781	757435	192748	758217	758338	758010	758096	755796	756047	197717	506047	757431	756938	757894	758242	756164	758241	758077	758246	758041	757728	757787	757595	758068	757992	747879	740443	757379	750506	757927	757420	755508	757549	640708	757550	732594	729322	704528	756638	756368	384990	471979	756666	740610	749453	471419	637642	710411	758233	757598	756816	757945	754098	756636	755179	153585	758485	488309	754796	750394	756787	756890	752673	756997	755232	745934	756102	665191	756956	748382	758343	756150	758281	757307	703346	757690	755313	756945	756914	757683	757559	757943	758014	756898	718428	747160	756435	751061	745550	734457	756451	719684	752911	755054	746743	755301	651042	752451	742200	755115	731302	753691	747315	551	493	738	608	646	509	624	697	690	22	1	1	2	179	562	653	625	650	332	92	67	352	91	325	564	579	317	478	664	33	316	363	570	71	5	27	497	722	716	331	501	21	1	597	714	2	320	17	593	125	532	563	653	547	713	552	260	348	563	125	253	332	535	703	16	1	83	728	737	324	345	17	1	338	123	336	488	546	326	0	528	123	348	344	558	1	550	534	334	1	14	149	718	733	752	729	722	490	402	319	692	355	574	1	345	23	569	627	289	295	572	322	253	32	1	512	342	164	532	590	730	572	18	738	586	740	702	110	331	298	620	694	658	576	33	32	23	310	21	19	354	557	550	314	732	537	296	352	688	25	664	328	177	333	566	648	576	533	498	741	556	642	489	656	317	664	711	461	557	659	328	343	313	538	306
NC_063219.1	5000001	601313	600062	600286	599885	597207	598232	598983	598691	599659	597342	598859	600363	598779	48175	278413	599000	598470	596194	599481	600813	116985	166029	599928	159598	599798	599383	599877	598774	600252	594197	575236	599273	598087	598587	155697	588853	61313	598831	598710	599312	599620	598911	598235	597346	599139	597985	599118	598656	596333	597565	165030	598097	600112	598565	598796	598090	597474	320268	598695	598847	154948	305652	600149	589255	597949	599777	106990	160117	600382	597211	600062	600082	111553	599802	599406	154595	600304	600999	599881	600572	599351	598700	168743	350288	599202	598851	599623	600790	598652	600897	600687	599919	600779	600344	599875	597625	600596	600698	591880	575936	599200	591476	599589	598665	596117	599415	467108	599499	566753	562892	532822	598365	597747	294761	338447	598284	574536	587119	325602	457787	546609	600034	599494	597912	599530	594996	598421	597207	113659	601036	341611	596713	586665	598823	599180	584499	597069	597203	584856	597811	501387	598195	585501	599165	598932	600174	600132	534288	599819	596493	597837	599153	600082	599781	600319	600192	599152	543051	581955	598187	589305	583125	568501	597195	547081	597165	593944	582319	597990	467725	590785	578862	595912	569877	595099	587884	525	338	541	348	429	359	435	441	497	53	1	0	0	149	545	443	458	441	284	98	72	338	93	274	532	301	278	278	484	78	276	326	294	83	25	42	325	524	477	282	326	51	0	346	126	0	275	54	326	77	470	541	439	522	480	487	244	329	553	86	200	278	498	472	59	10	79	86	131	275	341	15	2	341	116	284	283	488	280	0	468	20	41	314	550	0	477	471	282	0	44	2	490	529	521	85	479	431	449	278	167	355	535	0	335	67	535	465	248	304	300	276	33	57	0	522	328	132	322	444	84	554	45	548	370	134	533	15	281	224	423	460	488	303	91	83	65	334	67	92	357	521	481	266	87	473	245	334	76	60	496	270	60	278	542	429	371	526	325	159	521	456	346	72	267	479	500	269	381	488	344	346	306	465	270
NC_063219.1	6000001	514873	514278	514386	514491	513298	512633	513823	512957	513634	513775	513699	514519	513516	38638	233204	513547	514476	511537	513758	514506	116576	137354	513851	146752	513863	513743	513684	513326	514055	511675	511147	513575	513961	513815	119120	513477	52128	513604	513807	514018	513571	513526	513384	512754	513873	513309	513801	512919	511147	513045	158370	513605	514259	513385	513192	513375	513214	275657	513519	513467	145812	253001	514035	506276	512719	514303	99503	140973	514563	512827	513906	514427	116604	514118	514082	135685	514168	514629	513760	514474	510832	513018	163164	288198	514026	513816	514471	514576	513306	514482	514174	514418	514401	514535	514531	513953	514530	514358	510078	491702	513277	510896	514400	514159	513105	514112	388812	513641	483057	479187	450179	512539	513861	258600	290184	514013	492429	506997	272782	378946	466105	514073	514401	512387	514584	512133	513675	513790	112586	514643	294102	512862	503392	513721	513431	512957	514212	512522	507242	513756	422140	514403	501627	514130	513381	514094	514215	452825	514272	512146	513279	514007	514103	514213	514238	514593	513638	459726	494302	513015	501163	497180	499191	513483	457716	510817	509978	496299	512805	391986	504981	494493	510140	487552	510124	505153	282	300	398	350	272	344	274	279	287	8	1	0	0	73	280	280	275	277	294	63	48	297	51	286	286	342	282	290	291	8	288	305	337	66	2	26	290	278	387	293	291	9	0	346	269	0	286	7	333	79	273	284	271	277	283	279	109	300	276	62	89	287	258	379	8	0	59	273	276	284	298	5	1	302	68	292	294	278	292	0	267	67	119	292	278	0	278	272	295	1	8	0	396	401	291	273	284	250	187	286	265	301	290	0	294	7	282	341	248	230	338	288	103	16	0	254	273	127	237	246	267	284	7	398	329	269	389	58	290	129	263	353	272	332	14	14	7	256	8	6	292	270	272	282	269	271	241	297	261	10	281	287	6	289	288	276	227	264	293	264	262	274	288	222	278	277	362	281	243	272	256	285	249	266	263
NC_063219.1	7000001	692341	691615	691892	691398	688186	689436	690958	690117	690507	690933	690497	690909	689628	43243	231015	691109	691642	690122	691027	691786	77676	143907	691270	99258	691042	691232	690736	690281	691516	687339	687662	691036	682772	686764	123247	690469	53282	690415	690745	690703	691050	689341	690533	690198	690845	690042	690995	689909	685707	689601	118472	690593	691624	690793	691889	690561	688620	280586	689361	690561	115015	243004	690898	678270	688355	691306	77536	113179	692075	689565	691026	691632	77249	691306	691195	131219	691864	692171	691424	691935	685732	689712	125614	299232	690978	690885	691170	691939	690415	691646	691753	691896	691738	691492	691722	689932	691659	691700	686162	652008	689097	686604	691678	691837	690188	691076	473741	691592	632053	625089	566118	687755	691092	254369	303131	691257	653379	679765	273872	440413	603180	691381	691648	687744	691824	689243	690602	690237	75484	692081	306095	688828	671586	690651	690254	690462	691563	688734	686838	690367	524280	691316	667937	690749	689915	691803	691352	578873	691603	687731	690278	691100	691285	691400	691621	691826	690811	591013	652940	689338	663500	660525	676290	690839	577548	687431	679035	659150	686275	459951	673911	652561	682131	646826	683068	675902	427	366	532	723	715	732	450	464	475	30	254	0	14	104	444	465	454	458	380	69	17	360	36	371	442	722	375	377	478	35	342	377	698	83	4	29	380	694	505	342	356	11	0	747	620	0	369	5	742	63	162	189	464	426	398	213	162	390	191	79	104	340	173	499	16	0	53	665	604	337	367	27	249	368	85	380	346	429	346	0	403	99	212	366	178	0	419	411	373	0	24	1	509	524	702	662	691	388	1	337	585	363	450	1	368	22	197	481	270	305	707	367	177	17	1	368	339	149	282	380	667	178	269	536	693	672	513	85	349	155	452	454	742	719	34	23	15	345	8	30	348	212	424	356	662	423	251	351	612	12	480	341	115	375	186	460	361	171	350	624	180	445	363	510	327	466	478	329	294	445	320	353	307	161	336
NC_063219.1	8000001	822106	821612	821717	821649	816451	819621	820898	819619	819507	821098	820860	816300	819515	37004	203607	821364	821027	820345	820848	821567	44580	121132	820927	58493	820740	821583	820984	820089	821091	815938	815531	820754	756882	816564	93619	820308	41202	820397	820387	820779	821361	816698	820344	819833	821134	820272	820609	819645	816004	819424	94574	820138	821573	820614	821440	820428	804158	258097	818572	821374	89994	223757	820597	799984	818009	821208	66013	99507	821903	819237	819991	821698	54928	820874	821004	142184	821866	821892	821473	821826	785620	819074	100938	320626	820716	820408	821698	821728	819861	821453	821618	821853	821662	821503	821834	815813	821613	821633	813887	760871	818553	817017	821559	821844	819738	821148	512500	821625	733046	726261	641553	816797	821579	248199	300656	820875	772336	807687	289755	478099	701071	821781	821788	816066	821879	818960	820653	819933	62675	821889	330950	817915	791246	820669	819954	820565	821831	818696	815270	820015	603924	821276	790499	819747	820043	821803	821145	671617	821455	816746	820741	821124	821030	821508	821480	821846	820213	683343	766872	818372	778139	775760	811304	820673	653014	815425	807857	772612	815849	504014	794687	764838	808620	767457	807262	802275	747	588	695	589	632	535	439	535	521	2	53	0	0	54	756	520	521	515	632	26	37	647	16	620	758	677	612	601	435	263	636	360	629	25	266	21	586	730	708	643	554	3	0	682	504	0	612	6	664	46	673	698	446	758	3	394	96	613	688	26	68	628	593	787	5	0	45	143	152	630	649	2	55	634	45	636	590	750	643	1	752	7	29	640	681	363	752	732	625	0	2	561	691	698	692	498	745	675	0	623	478	647	754	0	646	6	699	663	473	424	662	628	15	4	0	625	577	172	359	391	143	702	56	819	640	142	789	16	644	216	482	720	570	666	7	1	6	578	2	13	639	671	751	604	507	701	443	644	127	0	729	635	460	628	694	515	318	594	568	587	593	513	568	89	598	493	700	534	383	474	519	586	535	652	552
NC_063219.1	9000001	850019	849472	849543	849467	848342	846843	848445	847230	848326	848027	847590	849095	848934	64758	373650	847626	849454	846880	848680	849476	178994	204621	848068	217101	848450	848264	848700	847537	848740	844669	847751	848229	847365	848222	170976	848229	79375	848237	848153	848364	847467	847337	848244	847884	848740	847919	848430	847125	847488	847266	251678	847746	849345	848339	849085	848342	847324	462541	848640	847168	263065	433132	848652	838803	846682	849319	178093	243771	849653	846998	848801	849436	176504	848868	848801	277371	848792	849613	847504	849430	846200	847233	228986	505141	848729	848613	849489	849402	847493	849236	849544	849625	849258	849303	849633	849223	849252	849220	839029	815709	847657	841346	849552	848930	846732	848926	651788	848599	798551	790942	739568	846264	848363	317022	449687	848787	817727	840928	453190	640148	774130	848500	849520	847037	849845	845871	848424	848307	172693	849737	481489	846577	833905	848283	847723	847552	849255	846994	835907	848198	701758	849202	832162	848845	847597	848743	848875	755333	849368	845905	847121	848700	848887	849357	849081	849654	848294	764730	820702	847636	830786	826305	829757	848206	762494	844858	841938	821527	845732	656207	835753	816827	843067	817191	841772	835508	331	615	672	713	556	546	583	675	645	1	565	1	15	164	541	645	609	632	81	70	60	511	113	78	546	80	81	573	585	630	487	655	80	9	632	19	572	588	522	508	597	0	0	80	532	0	78	0	79	128	632	645	590	649	0	586	69	80	644	161	219	501	597	632	0	0	132	511	0	499	508	101	563	502	148	81	619	329	503	0	535	120	276	567	714	669	332	319	80	0	1	642	672	674	599	545	597	483	524	492	499	506	542	540	497	2	721	582	442	70	82	80	156	0	550	302	478	34	453	530	568	648	560	728	76	561	629	2	511	221	609	671	679	80	0	0	0	437	549	3	495	309	540	442	546	638	426	489	546	558	639	565	599	463	644	631	297	607	602	576	609	615	605	499	492	625	681	584	467	606	463	491	469	628	72
NC_063219.1	10000001	808268	807456	807906	807163	799933	805135	806527	804712	805935	806427	806144	803956	805993	32859	160669	806824	806909	805625	806703	807683	53301	113313	806988	75700	805429	807135	806309	805118	807050	797423	801751	806485	780772	799383	81107	806299	35685	805942	806197	806745	806792	803818	801203	805708	806770	805835	801303	804748	801101	804283	128150	801318	803695	805852	807351	802215	795646	253918	804083	802669	95319	252888	806479	788853	799654	806479	70307	102737	808089	801239	806277	807297	64794	806819	806760	132927	807413	807850	806933	807734	782919	804905	103155	340760	806397	805687	807662	807606	805291	806752	806869	807778	807713	807217	807601	803772	807756	807572	799967	754255	804961	800660	807378	807616	804771	806709	541246	807004	727147	730100	649928	801913	804590	304221	344084	806308	763881	792049	327464	512774	700839	807420	802447	802949	807704	802323	805806	801086	86734	807856	356901	803020	785184	806082	805197	805558	802215	802801	797877	805594	614155	806045	779093	806067	804858	807268	801968	671586	807010	802142	805958	802872	806574	807038	807419	803822	805661	689135	753740	803728	768229	763305	795567	805725	670497	802169	794906	760328	800415	533052	782175	752011	795685	753058	793176	788026	587	304	765	234	533	710	672	628	316	11	607	0	8	30	218	292	308	289	838	3	9	519	14	866	230	873	865	404	665	600	480	624	824	37	586	14	431	560	521	492	305	26	0	907	724	5	872	21	889	37	618	657	677	311	23	598	14	857	661	37	71	483	585	606	28	0	37	497	30	478	523	27	622	503	39	841	281	568	490	0	702	30	117	643	824	812	568	550	883	0	24	775	749	779	540	722	546	189	540	458	707	514	225	604	511	381	759	548	364	652	869	879	172	14	622	506	474	267	364	261	634	666	637	762	874	652	628	3	495	42	282	631	817	865	27	37	28	472	637	28	511	535	202	601	728	612	361	319	579	649	649	616	717	629	663	283	414	571	284	299	590	321	298	467	449	300	676	262	343	284	431	481	388	634	739
NC_063219.1	11000001	837489	836905	837060	836816	834279	834320	835625	834839	835358	835425	834536	835468	835362	63198	331431	834397	836684	834462	835694	836917	99844	210274	835540	151265	835626	835258	836174	834894	836453	827305	832756	835666	827788	833085	180242	835474	85778	835533	835346	835830	834562	833539	835514	835038	836197	835293	835725	834546	831508	834503	168891	835248	836696	835720	836916	835547	832400	392947	834939	834218	178143	315498	836025	819537	832623	836400	125291	145299	837233	834204	835680	836807	96770	836120	836316	213474	835959	837155	834581	836845	826523	834617	163150	393700	835893	835805	836915	837000	834619	836706	836498	837044	836775	836525	837096	835203	836891	836526	827856	786132	834587	829957	836890	836383	834047	836295	566271	834981	765758	757180	674381	833093	835981	248614	337831	835754	791245	823358	338612	533033	731760	835874	836769	832793	837223	833045	835806	835094	95283	837051	371394	832854	815967	835427	834817	834144	836345	834272	827387	835217	635959	836620	810044	835879	834974	835835	836016	704252	836578	832564	833809	835968	836096	836518	836613	837063	835391	717348	790512	834119	803403	799534	827128	835508	703161	830554	824071	793983	831898	566816	815718	789539	825813	792448	826618	818376	578	525	800	506	779	68	845	721	634	392	544	1	22	169	223	632	619	618	624	16	27	627	45	803	220	814	796	827	824	813	611	545	801	92	752	31	810	739	678	623	503	0	0	809	578	0	797	0	783	47	374	388	505	635	0	812	2	799	402	104	139	617	347	373	0	0	64	631	0	625	625	48	554	616	122	630	522	671	645	0	561	50	226	555	807	842	577	562	814	0	1	574	800	807	736	580	756	201	498	606	542	627	223	534	618	436	411	325	504	592	795	802	68	0	546	487	565	254	212	501	560	826	543	412	774	551	376	1	628	72	592	706	532	801	3	1	0	553	537	1	612	531	222	534	588	377	461	539	519	555	385	547	852	561	839	614	410	341	372	577	339	618	501	414	591	789	682	495	217	750	530	590	537	555	560
NC_063219.1	12000001	845244	844625	844879	844725	842178	842457	843701	842990	843347	843176	843015	844363	843295	62773	335603	842449	844641	842055	844058	844819	157102	186176	844036	207227	843634	842818	843945	843109	843927	838910	842160	843552	843889	840646	153153	843615	75307	843406	843596	843827	842930	842725	843310	842933	844042	843119	843790	842441	838580	842526	238970	843005	844542	843626	844520	843428	843330	404081	843045	842149	247017	411780	843935	831638	841794	844509	165290	237716	844980	842458	843894	844730	168757	844044	844079	262151	843802	844958	842744	844760	841205	842532	219201	488128	843817	843814	844750	844631	843286	844664	844756	844647	844812	844612	844924	844361	844715	844600	836944	813830	842704	838991	844658	844793	842639	844190	644990	843542	799207	785253	744886	842502	844222	353769	453514	843926	815878	835290	452967	631779	776103	843811	844760	842149	844937	842005	843648	843366	163963	844947	467225	841813	830977	843712	843157	843067	844562	842691	836128	843048	702502	844536	828832	843985	842892	843862	844057	752909	844522	841519	841759	844038	844144	844561	844505	844848	843726	763083	819238	842230	823973	821944	828552	843324	767119	839861	838450	818086	841355	658203	831241	815267	838431	806603	837744	831948	520	778	416	654	704	784	755	369	636	357	393	3	17	163	205	626	614	620	627	32	30	655	98	647	197	628	632	693	774	779	613	355	628	59	610	33	654	750	143	627	754	6	0	658	343	0	631	24	633	120	658	690	644	633	3	766	11	658	510	153	177	625	636	649	4	0	113	629	13	618	630	86	390	643	130	629	759	759	654	0	312	62	278	403	660	647	498	495	650	0	12	724	460	490	775	324	755	171	355	606	315	653	203	374	637	425	598	591	550	534	638	636	148	20	384	457	600	271	360	549	393	679	413	587	638	404	667	0	621	57	591	646	13	643	20	18	74	609	565	18	631	470	182	370	328	658	521	579	378	411	675	392	794	392	663	605	378	629	17	611	613	624	750	344	605	728	655	729	437	708	596	622	564	470	562
NC_063219.1	13000001	848314	847752	847979	847780	846343	845876	846838	845885	846533	846332	845232	847435	846766	69308	362108	844746	847774	843697	847130	847824	153364	223258	846673	210442	846780	845620	846990	846021	847091	837503	846319	846105	847651	846415	177576	846677	89915	846500	846415	846904	845584	846151	846433	846033	847225	846144	846659	845574	843512	845357	223307	846228	847615	846645	846180	846631	846769	459925	846757	844144	223071	388783	846984	834805	844520	847458	150703	189774	847787	843431	847019	847713	143246	846946	846887	218389	846425	847857	845258	847707	845796	845437	204829	460225	846947	846953	847874	847783	845421	847819	847622	847783	847578	847623	847940	847683	847740	847563	837718	808602	846277	840161	847784	846461	844804	847267	617494	845682	794998	781964	725516	845464	846854	290773	405140	846699	814069	838587	421309	600579	767473	846393	847880	844100	848128	843999	846596	846401	142152	847999	450061	844612	828786	846935	846123	844170	847220	845783	831846	846653	685393	847467	826244	846853	846205	846666	847179	743383	847405	844034	845180	846968	847056	847673	847307	847865	846751	745854	817375	845806	823987	821765	831272	846270	742532	843516	840693	815298	844162	629939	831071	811262	841920	807887	840706	831770	503	546	578	515	484	198	539	315	515	577	203	0	7	148	574	517	498	516	606	84	99	607	21	656	580	664	652	501	452	557	588	581	662	66	512	26	661	401	3	600	463	1	151	664	564	0	652	1	652	63	233	240	507	505	0	559	2	658	435	73	139	595	216	483	1	0	97	608	0	508	606	69	139	597	85	607	549	542	668	1	550	47	259	137	658	541	436	421	666	253	0	463	401	404	420	576	417	521	188	588	538	599	577	192	602	402	536	434	500	509	663	651	92	2	190	392	552	250	322	402	202	673	136	541	624	194	484	1	601	2	484	330	286	655	0	0	645	565	595	2	595	410	578	185	578	338	484	538	192	200	232	198	563	200	542	512	354	212	287	463	217	500	527	175	573	479	330	511	148	463	542	587	538	416	532
NC_063219.1	14000001	840380	839915	839973	839869	836151	837846	838943	837752	838312	838895	838540	838470	837556	53363	280655	838517	839206	837233	838932	839864	124812	171512	839026	160899	838713	839222	839103	838069	839331	834459	835542	838564	835355	835367	129563	838521	61354	838241	838930	838875	838599	837346	838464	838023	839219	838347	839077	837603	833032	837613	190028	838231	839820	839029	839613	838700	837642	356336	837498	838281	187875	337820	838786	822374	836017	839570	127416	193453	840055	836749	838971	839850	128702	839179	839095	201659	839417	840036	838798	839899	830795	837743	184733	417990	839188	838709	840001	839818	838079	839608	839762	839897	839708	839904	840083	838937	839970	839765	831825	794148	838015	833183	839904	839807	837323	839314	594064	839030	775864	760972	701491	836103	838985	294480	388535	839138	802593	828905	389371	565343	748298	839346	839711	835382	840149	836656	838859	838291	130083	840138	414345	836478	817368	839019	838194	837595	839555	837794	827906	838541	662417	839553	815220	838659	838090	839611	839222	726364	839635	835790	838078	839198	839295	839763	839487	840014	838735	718099	801801	837306	810044	806804	823572	838151	715608	835666	829758	802821	835257	585467	819755	798770	831318	798156	830691	825088	613	487	461	663	629	217	572	765	721	461	563	0	24	130	488	654	697	713	613	66	72	614	61	564	487	571	557	769	655	551	589	439	546	66	709	34	561	618	195	611	189	435	621	573	453	433	566	0	553	102	5	5	672	721	0	562	5	653	585	94	171	598	6	700	0	0	96	615	0	528	608	66	688	602	81	616	492	487	579	0	453	69	223	716	568	727	584	565	577	720	0	720	722	727	630	464	629	437	518	637	427	608	486	556	642	370	775	623	478	438	570	565	148	1	559	511	560	211	455	571	586	665	683	778	537	571	709	0	616	0	668	619	699	567	0	0	553	491	580	6	600	530	491	400	467	570	477	767	550	577	5	571	576	417	729	702	440	5	692	667	6	691	646	460	579	628	633	458	5	598	536	587	542	547	540
NC_063219.1	15000001	848527	847966	848230	848027	845253	845843	847324	846124	846319	847235	846688	845332	846221	52062	302827	847106	847869	845959	847202	848089	76241	179926	847221	107132	846909	847462	847257	845913	847647	843744	844057	847045	821766	845294	149637	846960	72870	846775	847030	847287	847283	845125	846661	846240	847521	846502	846914	845659	842993	846076	127525	846338	848023	847191	847695	847185	841916	320103	845574	846755	134349	281098	847063	824060	844304	847853	86849	124086	848336	844781	847215	847924	76184	847357	847325	157372	847771	848247	847470	848136	833833	845724	149023	367124	847095	847105	848104	848088	846072	847983	847970	848243	848047	847843	848066	845627	847962	848065	840274	800422	845962	841750	847925	847966	846060	847500	570865	847311	776784	764225	696721	844204	847489	289579	333632	847179	803472	835098	348304	546363	744661	847813	848187	842727	848353	844593	846993	846618	80701	848149	365904	844941	821666	847064	846572	846946	848041	845386	837828	846429	657002	847669	819455	846660	846175	847747	847407	720776	847843	844086	846638	847367	847616	847766	847721	848185	846894	714935	802004	844987	812545	811004	837306	846869	710059	842747	835384	804630	843697	578607	823788	798108	837337	800190	837199	831931	8	589	644	646	443	330	591	333	592	646	590	0	16	115	587	452	569	584	8	38	79	8	29	586	589	602	584	335	634	585	8	555	594	74	589	35	594	438	502	8	487	518	436	600	625	516	583	0	596	46	1	1	642	593	0	584	0	630	597	77	116	8	1	522	0	0	0	8	1	571	8	30	155	8	59	8	590	592	594	0	636	58	2	588	594	533	599	584	601	594	0	588	529	536	446	643	443	530	550	448	597	8	590	584	442	344	339	420	7	454	596	593	64	0	577	527	7	2	196	464	601	653	158	339	564	588	518	1	8	3	572	147	362	584	0	1	578	523	8	0	8	545	585	626	648	595	6	337	559	596	1	592	603	639	536	578	462	1	360	546	1	579	583	476	7	437	146	545	0	421	6	8	6	572	8
NC_063219.1	16000001	821270	820753	820827	820688	814927	818939	819856	818950	819048	819079	818049	818608	818663	63076	263137	818818	820425	818886	819873	820713	91331	169418	819265	121677	819548	819104	819965	818906	820136	811127	816878	819768	786516	815003	147693	819400	76866	819114	819699	819896	819072	816627	819375	818525	820143	819208	819843	818591	814032	818613	157064	818996	820571	819752	820599	819762	812275	342463	817525	818435	160954	292995	819737	803748	817184	820509	109431	135075	821120	817859	819570	820825	87705	819837	820119	189242	819937	820896	819063	820759	810359	818354	141123	374221	820101	819672	820812	820614	818649	820095	820513	820748	820569	820572	820922	817218	820680	820651	812402	761844	817918	814694	820698	820674	818663	820034	545499	819233	740793	727293	645949	815708	820199	253010	314842	819898	774260	806357	332646	510699	707103	819619	820922	815551	820853	817300	819649	818818	86726	820931	352752	817211	795002	819646	818981	818771	820659	817764	812199	818766	617083	820446	788313	818114	818944	819700	820073	682395	820418	814552	818528	820072	820025	820620	820461	820843	819349	690487	768476	816980	774991	779958	810413	819426	675115	814324	806870	772107	814160	534734	796246	763813	808306	769750	806023	801070	663	583	495	589	694	606	695	607	710	489	371	0	21	120	601	710	699	696	664	35	52	662	28	693	603	700	698	615	577	672	655	374	669	76	704	27	699	384	680	659	329	456	378	712	485	458	681	0	689	37	0	0	596	719	188	646	1	592	389	64	132	648	0	448	0	1	66	668	0	584	663	49	1	659	87	669	591	587	708	0	480	37	196	387	700	471	385	382	700	645	0	651	460	469	365	493	388	539	332	684	454	658	600	373	698	398	588	377	503	504	690	696	92	1	376	312	603	208	282	532	391	611	1	583	660	385	450	0	662	0	668	1	609	690	0	0	690	633	636	3	649	353	589	478	499	697	481	583	364	385	187	381	711	491	472	696	276	0	604	627	0	696	376	269	626	664	1	549	2	657	551	602	549	359	579
NC_063219.1	17000001	837247	836840	836748	836666	824547	834860	835860	834725	834210	834596	834442	831807	829611	53308	224405	835286	835360	835080	835793	836528	65529	150216	835459	85228	835519	835551	835805	834831	836150	822398	831232	835754	736994	822570	120174	835491	63051	835417	835652	835888	835004	830556	835554	834583	836113	834981	835747	834612	810234	834565	102739	835222	836709	835511	836249	835939	822545	266584	828534	835307	105627	216961	835680	807531	832417	836434	73027	101962	837009	832743	835274	836724	69244	835815	835959	134328	835904	836930	835297	836782	809099	834146	114002	299579	835706	835665	836807	836790	834836	836416	836452	836817	836654	836647	836961	829957	836713	836577	828570	762876	833293	830502	836673	836548	833939	836136	498995	835986	735501	718411	632808	831159	836020	259332	281418	835965	776797	820249	281051	455442	706504	836078	836818	827567	836881	833582	835516	834775	61630	836906	308429	832705	796240	835485	835008	834262	836511	833925	828151	834841	607452	836347	793199	834367	834321	836134	835804	678860	836499	831153	834842	835948	836053	836583	836360	836725	835449	656260	765931	832805	776046	781115	827790	835533	643176	830080	814456	769344	828351	493512	796745	763153	818064	773044	819176	813884	618	821	818	679	451	727	457	709	484	810	400	0	11	75	399	448	481	479	619	33	70	615	37	452	399	453	439	716	690	442	607	571	418	45	485	23	450	419	749	617	4	708	410	453	799	717	444	0	445	48	4	4	728	493	425	392	1	692	430	48	76	612	2	677	0	0	47	625	0	392	618	22	2	608	47	624	823	817	455	0	792	37	145	418	445	721	426	414	452	732	0	731	722	730	411	814	425	356	345	434	746	618	402	313	453	217	334	522	450	280	434	445	50	0	414	341	546	164	130	331	427	731	1	330	434	415	697	1	620	2	460	2	703	443	0	0	441	403	586	2	601	360	395	762	817	447	440	328	397	424	422	416	461	810	712	484	256	4	703	421	4	472	412	279	582	415	4	753	3	377	515	556	507	390	537
NC_063219.1	18000001	837226	836287	836649	836512	806961	834120	835465	834296	835008	834758	832872	835802	834868	110046	363138	833362	835622	834230	835714	836460	173969	253070	835259	207854	835247	834413	835557	834687	835852	789314	833832	835108	832417	813915	215321	835072	140552	835279	835203	835403	833970	833542	834744	834935	835860	834906	835498	834288	817381	833953	223449	834365	836137	835224	836324	835413	833617	421054	834581	833400	235771	364954	835580	820273	833239	836273	168979	204995	836868	833417	835400	836456	160140	835668	835626	265039	834647	836656	833658	836456	831968	834068	217814	424742	835448	835388	836451	836194	834239	835713	836305	836627	836599	836246	836459	835978	836389	836476	826335	783512	834173	829121	836467	836665	834334	836013	571901	834782	758257	755149	674760	831614	835727	311692	364358	835747	793140	823601	378759	544582	735971	834748	836929	832179	836857	833704	835290	834987	139967	836837	401459	833272	818150	835604	834768	834782	836751	834114	826843	834950	650556	836353	809479	834660	834722	835407	835699	714448	836289	831924	833135	835678	835832	836331	836186	836779	835162	719617	785764	832953	798473	796570	824484	835671	697711	830172	824483	792164	831109	576522	815299	784456	826101	785286	824764	818957	501	572	514	580	64	239	541	239	551	504	664	0	48	28	722	63	541	543	510	89	124	503	100	537	722	542	538	234	567	531	493	486	524	95	530	80	542	117	542	505	169	632	481	545	498	634	538	0	530	73	3	3	584	551	661	527	3	579	660	81	123	503	2	615	0	0	67	509	1	712	502	2	473	499	16	508	577	570	551	0	489	115	179	662	534	652	663	642	543	505	0	505	649	650	488	510	485	655	564	64	470	506	725	582	66	319	601	530	392	394	540	539	116	3	643	572	437	135	325	432	663	596	470	611	510	653	628	0	508	0	532	452	553	538	0	1	526	479	423	3	500	610	719	479	515	532	361	599	628	646	663	648	544	508	564	538	510	3	541	498	3	534	647	499	479	61	429	531	3	51	415	468	425	620	434
NC_063219.1	19000001	835605	834953	835201	835187	828489	832989	834200	833244	832852	833809	832781	834164	830649	71551	287957	831984	834407	832865	834218	834921	103007	194317	833761	134243	834053	833220	834268	833149	834430	820040	830683	833708	827493	825774	156948	833669	83298	833778	833824	833851	832878	831696	833751	833681	834376	833562	833974	832920	817619	832667	150770	833306	834979	833918	834950	833976	831353	345599	831109	831940	150448	261407	833997	812687	830992	834900	108246	126012	835290	829837	833937	834833	95355	834106	834243	166505	833714	835168	832514	834931	829166	832629	152555	339118	834030	833881	834948	834980	833256	834798	834938	835178	834933	834941	835204	833906	835008	834957	825826	770785	832420	828216	834955	835058	832753	834507	526342	833615	742470	725505	638220	829681	834590	242066	300675	834164	786525	819830	309552	492128	716566	833904	835219	829009	835269	831565	833857	833347	89461	835125	330539	831351	805014	833853	833351	832624	835121	832202	823721	833592	613389	834731	799495	833433	833048	834248	834276	688159	834782	830211	831754	834320	834294	834864	834766	835203	833423	674375	778040	831678	788847	790992	826129	833696	671073	829755	817601	777571	829607	519587	803616	768104	821016	771820	821408	815501	457	645	642	526	379	483	509	472	419	609	449	31	20	80	645	386	410	416	466	46	65	463	43	537	652	529	533	505	522	490	427	600	519	52	404	23	540	1	546	434	484	503	561	544	628	498	536	0	531	51	45	46	541	422	442	507	2	525	449	67	66	433	38	483	0	0	34	466	0	634	464	19	558	432	39	463	649	644	541	0	630	43	122	447	538	505	450	437	540	550	0	547	484	492	556	641	568	557	374	372	601	463	649	505	383	280	524	416	320	352	522	532	96	9	511	378	382	128	245	332	453	547	531	523	514	440	486	4	462	1	396	474	620	541	0	1	526	484	407	22	425	406	646	610	647	540	323	522	423	510	448	438	514	639	552	414	310	33	624	385	41	416	438	318	415	358	477	601	17	351	378	402	370	406	398
NC_063219.1	20000001	829583	829159	829167	829147	825138	827084	828476	827288	827219	827305	826110	827364	827130	88274	313668	826442	828783	827149	828440	829105	103880	224064	827369	128315	828255	827017	828444	827570	828774	811989	826090	827958	799114	825526	189141	827984	105852	828040	827809	828553	826724	825468	828056	827410	828538	827800	828137	826993	820060	826722	132529	827503	829109	828370	829109	828161	819939	361159	826203	826826	144549	220025	828001	801280	824144	828730	98760	99274	829399	821314	827926	829054	82689	828033	828122	166031	827772	829325	827210	829099	819385	827052	155570	276062	828508	827626	829296	829136	827566	828875	829001	828982	829005	829067	829367	827030	829227	828966	819962	738214	825031	821703	829015	828644	826307	828475	451681	827021	704523	686236	569076	819957	828284	209573	234059	828125	760406	809315	239345	398366	671143	827728	828637	818486	829416	825459	827821	827522	69306	829084	267444	824753	784124	828237	827082	825454	828713	826379	820145	827233	567321	828703	776698	826154	826846	827953	828054	640228	828991	821916	826593	828461	828357	828945	828886	829146	827972	623557	745809	824578	751328	764174	821477	827465	593415	821409	801637	746190	819580	429571	784439	734163	807246	763202	807898	803669	353	366	364	223	601	234	5	233	8	0	618	359	43	157	348	614	8	8	352	42	60	356	14	462	358	468	462	567	220	5	228	299	461	77	8	46	468	0	12	233	543	565	451	471	361	571	460	0	465	38	463	468	224	8	356	5	0	220	361	18	1	228	413	542	0	0	38	357	0	348	351	45	426	228	82	358	367	367	471	0	345	63	74	620	465	582	358	348	473	227	0	229	235	236	450	364	460	197	492	585	331	352	356	449	604	200	473	430	226	270	449	465	68	82	471	278	197	5	173	7	632	233	406	477	449	625	557	2	356	0	6	358	359	466	0	0	454	408	8	196	224	288	346	338	366	458	232	467	584	464	629	618	5	365	474	8	212	377	355	8	376	7	343	354	216	549	347	341	192	520	261	207	255	311	299
NC_063219.1	21000001	820071	819740	819773	819665	814352	817539	818900	817771	817876	818262	817800	808386	817135	47574	219519	817993	818956	818654	818797	819615	45930	146629	818193	58521	818616	818617	818879	817612	819291	812590	814059	818881	564872	812973	120209	818440	56219	818503	818591	819051	818533	812257	818417	817744	819094	818122	818786	817279	811975	817547	88725	818069	819544	818790	817970	818662	777516	257323	816236	818292	76763	195430	818633	790452	815306	819292	60834	87566	819591	815963	818170	819653	53206	818701	818995	146350	819280	819961	818348	819754	764962	817174	102506	272873	818324	818356	819712	819695	817928	819375	819645	819814	819726	819601	819888	797422	819606	819583	811770	735734	815520	815029	819531	819751	817792	819014	450992	818660	701207	690711	584099	811699	819186	251836	251598	818882	752339	798958	252453	411178	671256	818910	819774	809311	819788	816487	818373	817912	53047	819709	274537	815366	778649	818607	817943	818815	819648	815635	813491	817990	567497	819210	764028	816132	817517	819015	818650	637718	819344	812465	818138	818979	818848	819418	819406	819685	818480	621355	734260	814327	742178	754993	812022	818593	604480	811970	794727	744547	810631	436222	776464	729364	795925	753275	798673	795843	501	542	538	315	667	323	1	318	2	3	476	529	16	140	504	679	3	1	501	9	44	495	8	503	506	495	488	384	314	4	316	174	476	48	1	16	494	1	2	325	342	378	697	503	521	379	495	2	495	39	491	512	327	1	499	1	8	315	505	10	2	324	418	367	1	0	34	504	1	483	505	20	619	322	74	506	546	541	508	0	523	31	99	531	491	386	504	485	502	326	0	328	324	330	603	539	723	305	421	636	505	500	510	478	679	217	508	287	335	308	480	495	82	84	497	383	280	3	185	7	536	333	583	509	476	521	375	0	497	5	1	502	532	493	3	4	481	458	3	269	319	426	494	511	544	489	307	507	478	500	532	524	3	531	509	1	311	424	520	5	450	5	482	314	299	622	497	486	189	583	388	282	371	463	429
NC_063219.1	22000001	817266	816792	816834	816797	808871	814896	815904	814976	814426	815094	814422	803479	813027	52425	198769	815558	815829	815687	815963	816534	51119	143293	815299	61819	815517	815906	815592	814649	816188	807267	809973	815765	406515	806982	114229	815416	58792	815085	815484	815800	815724	808471	815312	814850	816004	814967	815788	814352	801514	813999	92147	815050	816720	815512	813701	815778	764233	248351	811925	815744	83840	183317	815498	790383	811729	816357	70453	92227	816751	813151	814945	816739	58299	815683	816154	148876	816358	817027	815857	816866	757887	814030	105621	266452	815413	814924	816727	816649	815065	816242	816580	816910	816587	816594	816927	788613	816622	816704	809038	722905	812389	811229	816534	817156	814557	816088	444850	816161	688814	671997	566185	807035	816180	211282	238152	816003	747414	794895	230712	391957	652293	815986	816961	804995	817013	813154	815292	814708	53030	816889	264949	811719	762940	815703	814613	815236	816639	812887	808524	814420	553709	816326	760937	813292	814294	816367	815843	625076	816399	808038	815133	815988	816083	816551	816424	816843	815007	619585	725281	810972	734150	746523	810024	815482	580717	808805	788672	731932	804163	424180	768266	720411	789834	747309	792161	788861	624	614	612	598	465	629	582	604	1	8	522	590	16	52	624	467	1	2	621	26	54	616	22	257	628	256	259	456	590	3	621	192	250	17	1	35	263	0	4	630	419	455	448	276	591	464	263	0	255	28	264	269	628	1	618	2	2	605	627	37	0	613	213	438	0	0	44	629	2	602	624	17	384	624	42	629	610	610	269	0	586	43	125	578	254	466	622	592	264	627	0	629	632	634	403	601	469	558	463	448	574	625	630	255	465	120	268	322	398	155	262	263	56	117	258	486	544	3	101	1	581	634	371	267	248	568	446	0	618	4	1	317	594	260	0	2	252	241	1	334	617	512	616	568	612	256	411	266	526	111	572	556	3	606	270	1	383	481	582	1	494	1	612	359	583	411	322	560	169	395	474	543	469	546	526
NC_063219.1	23000001	828910	828439	828438	828404	822180	826390	827726	826434	826387	827392	825913	814672	825558	58901	223682	826901	827491	827150	827623	828418	62671	161790	827442	73519	827432	827436	827675	826610	827944	818734	821457	827443	536851	819590	127189	827207	73174	826951	827178	827573	826719	820882	827156	826537	827808	827005	827603	826423	813132	826215	93248	826979	828316	827473	826760	827397	791178	270899	824174	827367	91165	180102	827415	792107	823179	828079	72510	87902	828624	822863	826890	828405	57946	827585	827716	156888	828160	828747	827323	828534	768148	825586	104489	251792	827475	826763	828472	828421	826647	828109	828464	828437	828415	828252	828659	806095	828379	828315	818747	741430	823020	823635	828403	828258	826459	827993	429875	827807	692207	674672	562320	818593	827854	209164	222447	827517	759566	807090	222957	379953	669989	828019	828678	814986	828726	825000	827201	826987	54570	828635	256523	824153	775085	827212	826404	825908	828422	825003	821592	826363	545919	827996	766151	824487	826106	828050	827494	632666	828175	822145	826597	827704	827661	828394	828091	828565	826964	610803	730337	823371	740642	758137	821780	827236	580039	819487	796537	736730	816542	406974	781717	731284	801967	748110	805942	801850	392	488	561	488	492	409	499	397	4	5	274	541	14	63	396	505	3	3	396	21	42	392	21	435	397	439	438	606	482	2	501	224	411	37	3	35	436	0	3	507	566	650	363	442	542	658	433	0	430	25	441	450	506	3	389	2	1	496	392	30	1	501	364	630	0	1	27	396	272	389	392	21	81	502	50	396	493	489	450	0	537	23	65	293	439	668	389	378	438	411	0	416	510	516	333	561	365	468	244	486	525	391	397	433	493	175	447	454	256	247	435	439	60	95	436	302	448	0	149	12	296	517	82	454	415	291	644	2	393	0	3	75	484	441	2	8	429	388	3	313	506	336	384	524	564	437	233	450	273	3	295	291	3	550	450	3	208	302	469	3	306	8	384	183	481	461	80	442	234	435	312	465	304	366	335
NC_063219.1	24000001	820563	819850	820042	819974	782647	817853	819108	817893	819055	817228	816625	737098	819124	96715	449425	816011	819741	815510	819023	820089	336590	351993	817323	367833	818412	816510	818736	817887	819366	769712	683638	818042	744611	777430	328045	818764	173091	818724	818281	819008	816461	818241	818720	818340	819109	818352	818945	817643	619637	817860	346449	818139	819719	818694	812417	818607	500849	482576	818403	815453	342673	468570	819574	764836	818532	819892	304453	354815	819806	818512	818487	819781	324531	818795	819460	348784	817582	819907	815857	819599	587507	818357	333276	417384	818690	819112	820071	819931	817961	820077	819783	820130	819830	819956	820173	815826	819993	819809	805765	797281	818980	805815	819771	817141	815411	819509	666081	817038	782784	721837	763371	818050	817743	507329	600974	818078	796209	813996	532378	662352	778566	817337	819367	818596	820267	814572	818983	818616	415422	819995	569606	817395	800157	819159	818647	808015	818818	818127	780075	819140	707892	819335	806774	819753	818308	817978	819627	754263	819593	816754	815335	819190	819394	819664	819660	820109	818931	708761	804744	818338	806386	800466	799045	818192	768316	816674	816092	794875	816831	670159	810688	803802	816554	707697	815337	801236	590	597	394	315	526	1	315	1	2	0	423	393	40	196	593	540	2	2	598	188	151	594	91	186	591	187	187	186	310	1	306	337	184	15	2	54	185	0	1	316	183	149	451	185	383	147	184	1	181	120	181	188	314	2	586	1	0	316	584	102	0	318	173	151	0	0	223	592	181	587	591	194	370	315	177	591	599	589	189	0	383	195	255	469	190	152	591	571	187	0	2	0	315	318	451	394	451	271	447	527	315	592	582	175	537	123	188	146	517	154	219	184	48	263	185	562	13	1	114	3	482	318	372	191	178	474	150	0	585	0	2	365	583	188	0	0	184	155	2	326	316	562	598	383	393	184	532	188	461	7	479	482	1	393	189	2	488	573	584	2	568	4	581	452	311	536	365	576	129	525	571	312	496	579	499
NC_063219.1	25000001	844722	843954	844103	844106	832408	841630	843451	842063	842570	842711	843114	814028	841653	53920	276024	842516	843431	839621	843040	844146	190578	189614	842755	231968	842787	842674	843225	842305	843478	827852	778740	842697	823670	828713	151291	842756	76605	842827	843034	843222	842124	842670	842777	842363	843374	842796	842977	841608	777296	841908	245701	842316	843956	842804	840874	842876	749066	363106	841599	842228	216946	459217	843372	810862	841999	844092	164251	301584	844000	843094	843598	844122	229979	843450	843795	206656	843516	844247	842670	844078	752164	842453	253141	517812	842971	843371	844188	844175	841899	844189	844028	844034	844119	844039	844347	840564	844054	843940	833348	831604	843603	833703	844195	842372	840575	843625	727566	842826	825599	787077	809748	843724	842914	473243	597545	843096	828004	839841	563467	730981	812398	843624	843964	843113	844470	839825	843283	843102	283277	844232	590427	842380	831382	843477	843000	834905	843786	842343	818371	842910	758434	844217	837193	844244	842678	843705	843725	792341	843928	841233	841891	843288	843711	844009	843881	844384	843312	768366	837534	842702	841246	832889	818975	842970	811461	841426	841857	830083	842938	736685	839295	835018	842238	783838	842076	830902	756	763	763	3	111	2	3	2	4	3	119	735	21	45	136	117	3	1	139	56	48	766	1	3	136	3	0	2	6	3	6	128	3	0	4	20	3	610	1	6	2	3	649	0	132	3	3	0	3	36	0	0	6	4	748	3	128	6	131	1	0	6	0	3	0	0	60	135	1	757	759	42	115	3	38	139	138	138	3	0	135	156	346	751	0	3	758	729	3	5	1	5	3	3	667	763	662	4	122	111	118	760	758	1	118	5	1	3	118	0	3	2	1	100	1	722	1	0	1	2	134	6	113	1	3	135	3	0	624	360	4	109	748	3	0	0	3	3	4	124	3	741	764	723	136	3	689	1	121	4	743	750	3	759	3	1	665	719	756	4	740	4	131	1	6	115	110	133	3	112	718	5	657	134	115
NC_063219.1	26000001	841341	840739	840825	840785	835556	838898	840092	839119	839011	840159	839870	839680	838789	49270	234750	840332	840236	838072	840151	840891	80059	131787	840464	117979	839760	840698	840173	839167	840285	833979	838005	839809	832789	835563	105962	839720	46394	839654	839942	839975	840509	838669	839607	838992	840241	839444	840020	838695	834583	838600	155403	839316	840731	840032	840700	839821	837625	300860	837951	840205	128285	353304	840227	824935	837764	840683	88344	173836	841134	837704	839983	840751	111734	840327	840239	132637	840961	841077	840440	840864	831698	838771	162137	444745	840022	839863	841045	840910	838920	840845	840840	840607	840842	840880	841008	839443	840744	840604	833108	805077	839035	834875	840704	840790	838527	840306	623493	840521	791825	775978	728012	838695	840127	355716	426388	840000	805548	831412	424680	607101	759178	840702	840909	837012	841109	837830	839875	839672	119994	841080	448389	837977	823191	840110	839084	839116	840713	838239	831357	839618	684993	840566	820157	840079	839133	840796	840337	738816	840535	838098	839849	840133	840287	840759	840594	840965	839783	738437	810069	838417	819218	813034	823195	839906	739791	835984	832275	810897	838117	627264	827396	808259	833422	800440	834807	829190	740	753	739	0	103	2	0	1	10	3	3	714	17	13	10	103	6	2	0	0	1	745	0	3	2	2	3	3	5	1	1	10	2	1	2	0	3	721	3	1	3	6	672	7	0	3	2	5	2	6	4	4	1	2	734	1	136	0	1	0	0	1	8	2	0	2	0	1	13	721	742	9	108	0	5	0	0	1	3	0	0	67	271	739	3	1	738	713	1	0	1	1	1	6	686	736	687	2	1	99	11	734	750	3	105	9	10	12	0	12	2	0	13	9	7	661	19	2	2	20	1	2	105	11	1	2	6	0	732	280	2	91	724	2	0	2	5	8	2	19	12	664	739	702	0	3	561	4	1	2	733	720	1	733	11	2	547	660	729	9	645	26	3	3	0	95	92	0	12	93	658	4	636	0	2
NC_063219.1	27000001	819241	818749	818651	818836	809435	816398	817996	816941	816823	817997	818409	815067	813454	30859	156925	818781	817126	817444	818022	818759	33963	104152	818424	46097	817706	819008	818066	816797	818156	809744	814110	817818	783083	806881	73573	817611	32094	817521	817735	817962	818697	814121	817495	816538	818267	817356	817846	816834	804793	816679	74509	817266	818699	817755	818603	817645	804888	213677	813028	818620	69634	216037	817813	792236	814572	818447	49845	82277	819029	816434	817433	818760	44931	817890	818293	102960	819060	819031	818856	818821	792730	816206	84912	301608	817659	817627	818820	818688	817159	818675	818694	818311	818730	818550	818970	813256	818775	818374	812077	764391	816213	813416	818643	819179	817340	818142	524845	819035	743117	728049	656456	814504	818586	261924	313805	818112	772747	806267	292364	502952	709371	819002	819039	812580	819102	815812	817520	817525	49948	818832	321272	815505	791097	817810	816642	817826	819087	815355	813228	816933	616999	818458	788607	816744	816551	819100	818105	679391	818473	814413	818232	817983	818131	818741	818382	818859	817525	678239	767718	815975	783394	777916	811519	817864	668770	812143	803472	770410	813218	517814	793486	768850	807215	756586	806723	803305	684	687	680	0	455	0	0	0	0	1	1	635	13	34	1	451	1	1	0	0	0	680	0	1	1	2	2	1	1	1	0	0	2	3	1	0	1	671	1	0	1	1	488	2	0	0	1	0	2	26	1	1	0	1	678	0	88	0	0	2	1	0	1	2	0	0	0	0	2	673	683	14	455	0	30	0	0	0	1	0	0	26	154	683	1	2	680	663	2	0	0	0	0	0	477	683	495	1	1	439	0	676	692	3	458	1	2	2	0	1	2	0	7	2	2	562	2	2	1	1	2	0	445	3	2	2	2	0	683	171	1	403	676	2	0	1	2	2	1	7	1	597	678	645	0	1	488	3	2	1	672	668	0	683	1	1	476	564	665	1	565	3	0	2	0	411	385	0	1	407	565	0	546	2	0
NC_063219.1	28000001	855884	855049	855241	855237	853157	852939	854351	853328	853928	854720	854460	854736	853592	51177	328065	854136	854966	852442	854448	855302	130133	163468	855026	170082	854189	854547	854431	853679	854730	852589	853039	853981	854326	852426	128004	853933	56635	853975	853923	854544	854263	853456	853811	853370	854639	853758	854219	853013	851529	852813	211262	853686	855173	853955	854916	854038	853674	389241	853655	853653	200254	410615	854406	843436	852504	855024	129765	217606	855447	852963	854446	855156	151289	854395	854532	208741	855163	855481	854729	855214	852302	852926	197233	504956	854355	854220	855350	855162	853343	855243	855165	855266	855097	855148	855538	854516	855155	854964	845544	824286	853457	848360	855258	855280	852778	854646	659397	854888	809312	800461	750024	852985	854317	328933	453667	854384	825213	844918	466407	650167	781328	855072	855348	852443	855672	852464	854137	853931	155704	855491	482130	852364	841239	854326	853492	853914	855140	852717	844444	853875	708530	855178	838725	854776	853602	855415	854794	763103	855214	851530	854090	854401	854457	855207	854997	855458	854010	769590	832159	853466	836147	830847	834907	853814	770523	851008	849228	830949	851657	668763	843989	825247	849056	823037	848751	842728	461	465	462	1	624	1	1	1	4	215	215	459	10	137	3	652	4	5	1	1	1	465	0	214	3	212	212	212	1	1	2	0	203	11	4	0	211	455	3	2	212	212	735	213	0	207	213	0	211	77	207	215	1	3	95	1	148	1	0	1	1	2	202	214	0	0	0	1	216	462	460	67	658	2	86	1	1	1	214	0	0	36	220	289	213	215	462	94	213	0	1	0	0	0	753	464	756	4	206	634	0	464	467	204	641	152	3	205	2	189	211	1	59	0	216	88	3	2	163	3	215	1	656	218	199	206	208	0	460	226	4	651	450	203	0	0	210	185	4	0	4	440	464	436	1	210	399	215	210	4	308	290	1	464	215	4	376	426	457	4	424	210	0	190	1	625	624	1	147	601	411	2	423	0	1
NC_063219.1	29000001	868160	867617	867802	867728	865254	865629	866977	865777	866522	866737	866234	867205	866319	48619	284599	866170	867504	864364	866969	867775	128063	165238	866995	175516	866454	866609	866852	865907	866954	862609	865890	866584	867229	864516	113419	866539	53113	866410	866454	866938	866603	866142	866582	865794	867047	866516	866626	865172	864803	865449	210738	865961	867344	866628	866972	866601	866692	372954	866134	866262	202436	437813	867109	858290	865493	867637	128214	239371	867841	865987	867137	867703	154046	867004	867163	203627	866805	867840	866335	867447	864856	865701	202814	552437	866745	867079	867740	867510	865743	867706	867700	867489	867616	867548	867867	867511	867689	867606	859179	849282	866818	861031	867641	867295	865337	867375	712648	866247	839000	831438	801770	866403	866881	390143	509510	866706	845210	862273	520795	710088	815551	867218	867738	865925	868021	864380	866666	866377	164520	867808	532433	865220	859141	866959	866054	865931	866945	865790	855438	866426	749385	867557	857204	867643	866216	867130	867238	802067	867601	865011	865684	867101	866970	867503	867370	867735	866609	807345	853451	866187	859688	852461	842035	866369	815962	863897	863567	854772	865369	726685	861918	846962	864781	838400	864681	858169	791	787	784	646	4	840	4	829	4	743	740	780	12	2	0	4	4	4	4	0	0	786	88	735	0	724	730	651	4	381	5	662	724	58	4	0	723	767	841	5	718	727	764	742	0	729	720	0	724	0	612	626	4	4	838	848	203	4	0	1	1	5	677	717	0	0	2	4	731	773	788	83	1	5	90	4	2	2	736	0	0	121	395	721	738	745	697	840	744	2	1	2	849	855	784	784	787	1	690	4	0	785	788	713	4	562	1	697	4	632	725	4	185	0	311	785	4	2	521	3	744	4	1	743	701	732	717	0	787	403	4	700	772	727	0	1	706	634	4	4	4	754	791	758	0	757	685	741	712	4	729	714	845	778	704	4	593	748	773	5	748	718	828	665	4	4	710	2	520	4	725	6	721	0	4
NC_063219.1	30000001	863278	862677	862530	862800	856648	860380	862018	860910	861204	862090	861878	861530	861215	36039	225703	862259	862008	860413	861948	862808	78244	127112	862305	110298	861681	862426	862082	860770	862163	856987	859117	861998	859257	856749	86867	861552	36527	861537	861676	861683	861954	860056	861373	860946	862091	861527	861768	860533	857655	860346	150779	860916	862557	861991	862895	861684	859852	302884	859990	862363	140135	363509	862018	848176	859849	862680	98309	166279	863094	861383	862080	862807	100684	861449	862237	162186	862936	863031	862379	862750	854131	860352	159385	469504	861591	861661	862822	862637	860872	862465	862517	858251	862723	862714	862994	861747	862776	862556	854060	833449	861016	856867	862684	862614	860879	862329	646130	862100	816762	808658	766622	861071	862244	315640	418967	861543	835582	854584	431829	639869	796510	862614	863023	859823	863059	859822	861616	861085	114439	863021	452646	859863	848556	861843	861060	862408	862505	860614	852625	861653	709487	862694	844330	858900	861006	862921	862306	767642	862547	859863	861807	861861	861964	862679	862424	863001	861668	778813	839307	861035	849299	839824	845801	861683	778081	858614	857360	839839	859965	670322	851096	832571	858158	824361	856946	851555	654	655	650	116	4	122	3	119	1	924	919	637	19	1	3	3	1	1	2	1	1	651	8	919	3	917	893	876	2	2	3	127	866	47	2	0	900	647	127	3	899	914	632	912	0	904	898	1	900	0	857	885	2	2	126	121	108	2	0	0	0	3	842	886	1	0	0	3	911	637	652	55	0	2	87	3	2	2	921	1	0	100	229	885	909	928	774	127	921	0	20	1	129	129	645	653	650	3	340	2	47	646	655	889	2	581	0	818	1	709	911	3	192	1	0	116	1	0	569	2	932	3	0	925	882	900	907	0	656	240	2	850	635	904	0	0	881	800	2	4	2	600	654	612	0	634	497	927	878	2	918	880	125	650	3	1	612	591	651	2	591	904	123	751	2	3	854	2	583	3	578	3	575	0	3
NC_063219.1	31000001	847621	846454	846588	846862	844864	844972	846272	844932	845993	845868	845082	846835	846064	73589	409850	844493	847052	843922	846163	847039	222553	252756	845841	287366	845577	845350	846211	845208	846480	841755	843630	845409	845808	845364	199804	845642	93203	845298	845285	846039	845265	845286	845626	844569	846138	845140	846117	844332	841522	844429	314031	845022	846898	845774	845733	845794	845980	493788	845980	844435	302606	498496	846337	834846	844720	846800	191868	320742	847043	844902	846047	846569	241301	846565	846188	293652	846106	847168	845249	846825	844995	844792	309733	568173	845522	845943	847040	846490	845236	846891	846738	846818	847079	846964	847241	846674	846690	846566	836496	822865	845692	837565	846547	846071	843756	846088	694133	845564	811873	797971	769716	844842	844738	418837	531253	845830	821706	837213	530957	683789	791981	846173	846711	844973	847139	842655	845850	845443	238397	847189	545809	843759	834570	845758	845506	843959	845924	844751	828640	845311	728029	846065	831885	846410	844491	846236	846189	771356	846944	843971	844307	846124	846025	846861	846324	847059	845785	773345	827666	844427	834093	826957	823701	845172	787085	842323	841507	827539	843121	697105	837431	823283	842566	810797	842501	834954	853	858	856	16	69	17	1	3	13	619	598	838	54	15	15	70	12	2	1	9	5	861	101	578	15	596	573	602	19	13	1	17	602	107	2	0	599	851	2	1	601	67	930	601	12	62	587	21	592	7	573	605	1	14	4	0	337	546	5	0	3	2	570	583	20	0	147	1	591	839	858	122	8	17	139	1	2	2	601	0	0	218	459	979	605	602	843	1	602	3	870	3	1	16	957	845	851	3	0	176	553	455	870	573	189	453	23	562	1	503	596	1	176	10	1	18	16	0	418	22	601	565	19	619	599	604	589	1	848	444	1	498	830	591	20	17	601	519	21	7	20	828	849	966	0	833	714	606	569	17	598	971	22	997	568	2	702	800	849	20	799	594	3	523	1	81	499	2	441	76	795	11	769	0	0
NC_063219.1	32000001	838085	837508	837283	837678	826903	835306	836572	835647	835347	834750	836484	833158	833719	35420	157898	836565	835772	836260	836815	837644	41214	102639	836861	61689	836437	837139	836906	835708	837032	827079	833356	836745	785198	827210	70063	836536	28175	836300	836625	836761	836926	832507	836193	835173	837034	836180	836629	835331	829893	835405	101167	836029	837612	836655	836989	836637	815194	231730	832745	836786	77164	262035	836705	819783	833937	837300	54253	107770	837942	835820	836108	837481	62334	836944	836968	104108	837461	837794	836860	837710	808307	835078	102252	358227	836185	836549	837730	837464	836174	837542	837514	837805	837503	837595	837886	831877	837619	837222	831329	789170	834786	832614	837471	837925	835795	836963	569703	837215	768894	762971	683879	833488	837284	309199	357164	837045	795319	824904	342128	539380	736632	837430	837836	833796	837859	834786	836530	836260	73467	837794	371254	833218	816089	836069	835780	835732	837794	834500	831502	835952	639125	837293	811349	836057	835567	837362	836708	707879	837357	833794	836319	836936	836869	837523	837250	837782	836266	722815	790206	833851	804852	795731	828782	836545	708789	831813	826040	794799	832057	562756	816878	787580	826553	784195	827077	823618	684	600	685	0	584	597	1	574	1	30	0	658	11	67	2	604	1	1	1	0	0	682	1	1	2	30	1	31	0	1	1	2	28	0	1	3	618	670	1	1	597	30	296	30	0	30	28	0	28	26	1	1	1	1	0	0	65	32	0	0	1	1	0	30	0	0	4	1	2	669	678	1	30	1	3	1	607	604	31	1	0	24	177	671	1	30	682	2	31	602	687	598	1	1	614	675	664	2	0	382	28	397	689	32	389	26	30	29	1	2	29	1	0	3	0	4	2	2	17	1	30	29	28	32	32	28	29	0	682	211	1	523	591	29	1	0	28	25	1	6	1	172	683	626	0	665	510	32	27	1	0	675	0	661	31	1	497	564	594	1	580	34	2	27	1	578	501	559	12	557	570	1	560	0	0
NC_063219.1	33000001	844466	843862	844050	844131	836337	841648	843166	841967	842260	842893	842430	840505	841466	38100	206567	843070	842986	842469	843090	843886	66026	125391	843025	91399	842691	843057	843176	842304	843415	834421	838679	843064	798494	833830	95142	842793	42621	842694	842762	843160	843117	839709	842483	841997	843381	842518	842995	841747	837696	841720	140055	842248	843967	842999	844028	843039	830480	290054	840511	842676	120628	300533	843057	827602	840872	843677	84801	141093	844304	841884	842766	843915	86440	843186	843428	155178	843457	844223	843182	844061	822858	841486	133784	402584	842904	842883	844086	843842	841916	843707	843737	844058	843783	843885	844153	840537	843931	843872	836954	797504	841666	838127	843911	844107	842467	843462	592926	843754	778476	770171	697574	840296	843574	296866	370463	843362	801391	830419	364027	556978	750007	843365	844306	840369	844247	840977	842925	842353	98766	844108	384303	840658	823150	843029	842161	843427	844352	840983	836073	842364	653762	843714	820607	842758	842194	843719	843100	721244	843783	840068	842475	843318	843457	843848	843806	844129	842618	728840	801791	841096	812961	811693	833356	843199	716665	838835	833774	803786	838604	586925	823384	796311	833817	795365	834047	828434	257	466	178	0	521	561	209	565	241	350	0	224	17	77	45	530	238	237	214	0	2	284	15	207	46	376	211	380	202	204	213	154	351	22	242	0	674	172	242	215	645	346	441	379	0	338	213	1	366	35	208	215	215	245	207	1	27	369	0	7	31	238	0	338	1	0	23	215	0	230	239	10	344	212	37	215	380	380	383	1	0	31	82	233	214	354	369	207	378	572	261	568	215	214	454	234	377	43	0	344	341	441	190	334	361	206	357	307	170	155	350	212	8	57	347	207	211	70	2	187	357	386	348	352	358	349	343	22	188	70	238	574	346	373	0	355	373	345	230	8	237	325	268	446	0	287	206	350	336	235	0	232	1	474	388	234	203	159	348	212	170	345	207	274	203	507	452	359	187	485	211	196	233	0	0
NC_063219.1	34000001	845884	845621	845641	845589	844348	843639	844852	843696	844282	845314	844810	844179	844730	60167	373856	844719	845431	843515	844744	845478	125547	219272	845077	179304	844516	845335	844704	843683	845030	843703	842342	844488	835420	843727	177272	844198	81782	844281	844289	844778	845009	842573	844160	843640	844987	843882	844516	843351	843437	843389	213044	844035	845431	844405	845437	844558	840243	424881	844129	844641	210004	374789	844565	831424	841798	845303	145101	192797	845724	843345	844483	845287	126652	844729	844849	238754	845541	845605	845142	845532	838152	842753	195190	454661	844711	844444	845584	845504	843905	845401	845515	845625	845566	845348	845733	844328	845541	845395	836860	803797	843143	839821	845299	844953	843053	844886	613146	845080	787113	779861	703008	841415	844154	321539	396976	844169	806408	832939	407239	589108	752205	845346	845108	842267	845644	841386	844235	844198	127880	845453	431306	841682	827809	844407	843665	843422	844866	842831	836064	843760	673236	845041	822821	844101	843623	845373	844624	729671	845205	841314	844189	844458	844802	845357	845071	845581	844319	747479	809314	842744	819577	814128	833273	843869	734440	840975	835143	809719	839973	615847	828189	800816	837927	807786	837193	831059	0	669	896	0	773	662	824	660	698	847	0	826	19	226	816	803	691	689	833	62	113	833	87	817	820	803	809	808	820	792	811	754	795	102	682	0	644	889	688	830	628	834	775	799	1	835	811	1	784	104	814	836	823	700	820	1	0	799	1	119	174	685	0	826	1	0	83	841	0	796	1	55	840	820	116	842	812	816	803	1	0	94	0	820	825	850	799	815	807	670	1	670	834	839	228	832	4	744	1	771	791	802	0	589	798	493	853	753	697	615	824	818	164	288	826	567	639	254	1	551	854	769	835	628	753	836	824	80	0	1	651	210	418	787	0	846	778	702	678	6	683	790	698	819	0	830	662	621	803	694	0	819	1	843	772	690	665	3	413	650	0	820	821	485	790	774	715	795	511	738	0	788	734	0	0
NC_063219.1	35000001	822698	822264	822295	822276	817408	820193	821470	820403	820718	821542	821306	813251	820440	36786	209475	821834	821624	820806	821237	822188	53334	130070	821669	74124	821283	821898	821573	820276	821771	817232	816980	821220	708391	816634	93060	820881	42404	820882	821105	821278	821768	816948	821057	820396	821459	820287	821279	820055	818794	819962	124402	820363	822100	821166	819910	821264	792362	263367	819672	821813	104736	305535	821163	808988	819088	821975	73625	140865	821962	820627	820841	822246	81973	821310	821642	150351	822398	822518	822122	822306	771379	819566	131259	415350	821029	821276	822233	822211	820789	821943	822250	822470	822217	822103	822433	811421	822196	822112	816644	772919	819652	816844	822188	822452	820083	821773	597113	822084	759055	757233	683022	816836	821917	311344	389420	821642	780775	807532	374229	567062	727975	822265	822520	817594	822402	818982	821032	820516	99919	822147	404780	819223	803985	820888	820346	821015	822450	818608	816071	820540	648499	821665	795926	820449	820035	822149	821385	704767	821799	817722	821269	821193	821603	822134	821972	822336	820843	728877	772781	819282	785705	785304	810434	821381	707532	816847	810605	784422	816806	588368	801218	776172	811333	776028	810107	807757	1	816	677	0	442	467	679	464	645	673	0	682	11	78	844	450	490	646	692	24	48	689	36	680	850	444	664	451	809	646	668	491	425	23	642	1	396	664	651	691	384	676	443	448	0	672	664	0	466	38	674	693	686	662	678	2	0	426	527	52	79	493	0	650	0	1	57	697	157	823	0	26	667	689	54	695	822	824	451	0	0	49	0	675	674	677	452	673	453	10	642	469	692	697	3	691	4	665	0	438	618	451	0	489	446	302	679	578	572	498	651	686	146	240	664	404	446	212	84	515	682	2	659	503	495	663	646	45	0	3	463	1	387	507	159	680	494	409	631	2	490	614	643	647	0	686	531	505	649	649	0	679	2	675	2	489	557	0	389	599	0	653	668	371	658	475	443	648	387	455	0	651	594	0	48
NC_063219.1	36000001	819667	818995	818956	819063	812853	816653	818248	816890	817486	818722	818557	815793	816338	32639	204108	818986	818272	817739	818021	818970	58467	114480	818864	88480	817479	819195	818164	817160	818394	812967	814566	817972	794267	811645	85241	817579	32862	817287	817930	818205	818845	814719	817366	816874	818238	817195	817935	816917	815065	816721	145490	817244	818951	817754	818800	817534	807071	289103	816589	818868	120788	334052	818025	808914	816347	818782	80369	160177	819438	817696	817781	819121	93107	818171	818415	158409	819411	819098	818930	819166	803930	816416	127927	446585	817590	817764	818922	818915	817185	818855	818980	819228	818746	818809	819231	815507	818875	818821	813202	777491	816849	814197	819187	819450	817377	818461	613254	819310	763920	763723	693844	815126	818930	333243	414829	818505	785115	806781	407816	589378	731845	819442	819440	816241	819455	816580	817922	817685	105927	819174	432966	815519	805755	817876	816942	818458	819501	815669	812593	817642	660835	818977	797673	818189	816928	819284	818287	711572	818758	815865	818372	818064	818380	818927	818695	819245	817783	741753	781019	815562	793346	788557	809164	817935	719845	812626	810183	788604	814296	612650	803575	778916	809521	778955	808327	804640	0	606	765	0	222	389	584	769	218	757	0	591	9	30	678	229	223	216	603	24	35	604	0	588	683	225	587	4	646	573	589	491	215	7	216	5	774	746	350	603	740	740	226	228	0	755	590	0	0	57	743	759	604	219	750	209	1	226	601	46	51	225	0	746	387	19	45	608	338	669	0	14	255	228	65	552	311	311	229	0	0	12	0	587	592	765	229	580	226	0	607	606	600	762	3	599	5	684	0	223	715	181	0	335	224	236	765	526	259	461	710	590	185	232	745	520	216	111	227	186	763	229	750	343	326	743	736	62	0	3	215	1	768	334	344	761	702	203	213	5	226	703	220	721	85	588	457	340	729	219	422	588	736	750	228	227	628	1	764	209	0	736	736	292	570	0	0	717	335	0	0	560	538	0	551
NC_063219.1	37000001	800721	799742	800022	799753	797789	797670	798893	797367	798651	799528	799331	799189	799092	55636	318149	799356	799750	797839	799193	799654	127749	165184	799586	186242	798648	799734	798866	798011	799292	796666	797411	798556	798830	797369	125131	798369	62521	798504	798695	798877	799430	797545	798496	797948	799258	798129	798729	797494	798072	797327	228440	798211	799780	798515	799526	798388	797019	424828	798961	799256	220450	410428	799195	794196	797617	799682	143092	219158	800193	798806	799098	799821	148674	799189	799357	222886	799983	800037	799497	799973	795466	797487	189741	512803	798776	798982	799943	799963	798047	799766	799676	800080	799748	799783	800242	799391	799813	799711	794172	771340	798400	794374	800012	800368	798646	799246	658151	799998	763236	763716	713330	797435	799771	356503	485496	799442	773024	792455	462618	639986	735385	800020	800353	798256	800438	797661	798910	798185	154077	800087	503430	797686	791251	798655	797995	799926	800511	797504	790405	798397	673839	799963	787110	799388	797996	800180	799113	719145	799740	796675	798614	798931	799479	799708	799571	800249	798824	746647	775438	797830	783264	779577	782066	799165	731602	795932	795766	780265	796222	655169	792073	772449	795158	774133	793577	788625	1	745	672	0	679	0	261	469	21	678	0	262	20	167	243	701	682	19	264	15	29	264	42	257	246	686	254	470	241	252	644	258	681	42	1	14	734	648	241	262	732	656	692	693	0	663	257	0	2	101	660	676	262	21	657	694	0	689	265	31	180	698	0	261	266	53	84	262	688	243	141	77	685	695	105	0	510	509	692	73	0	84	252	263	261	256	714	259	699	0	267	746	266	669	466	263	467	612	150	680	639	0	0	677	687	506	677	226	0	204	260	186	184	101	666	692	652	291	477	19	681	680	666	702	656	658	653	82	97	0	660	2	463	679	702	678	626	228	21	0	690	649	1	634	267	261	219	697	637	21	662	262	670	668	721	683	573	0	428	20	0	663	654	596	255	0	178	642	350	0	0	252	229	1	233
NC_063219.1	38000001	773615	772715	772949	772730	769799	770491	772111	770592	771539	772565	772528	772537	772113	55765	329848	772243	772676	769331	771901	772754	234832	189969	772776	286160	771841	772609	771984	770969	772060	769118	771805	771392	772825	770279	144709	771466	63902	771372	771511	771834	772248	771184	771289	770921	772100	771495	771700	770661	770445	770510	336318	771012	772739	771416	771666	771108	771925	462906	772276	772038	321890	485806	771995	767999	771386	772574	194949	332931	772955	771617	772123	773078	249037	772451	772166	314137	772982	772964	772387	772859	770176	770985	298016	586522	771934	771773	772791	772793	770476	773024	772811	773056	772691	772747	772949	772888	772754	772726	765852	753643	771954	766952	772935	772902	770963	772435	678762	772619	750302	741296	717914	771437	772389	439487	564597	772301	753021	767156	524338	672465	727750	772987	772970	771587	773371	769919	771881	771718	254891	773228	562884	770632	764049	771578	771455	771626	772931	770762	762064	771561	677680	772939	762354	772595	771487	773028	772424	707232	772640	770657	771655	772029	772544	772480	772585	773009	771962	731751	758383	770988	766380	759972	744051	772066	733819	769267	770169	761434	771086	675781	767313	758781	770350	753379	769428	762364	0	618	602	0	415	0	749	816	609	678	0	680	28	99	737	429	411	599	684	110	100	679	88	669	740	567	655	494	721	674	661	680	583	62	495	45	732	582	727	686	734	587	644	658	118	661	662	0	461	146	541	505	817	591	591	576	1	583	680	171	153	425	0	662	673	97	127	397	537	721	660	133	661	428	180	0	464	469	424	662	0	171	428	675	671	0	583	660	665	0	682	886	676	604	711	678	708	583	697	644	557	0	0	57	709	274	164	696	461	591	671	0	277	409	196	835	405	316	443	558	769	603	744	387	319	749	658	58	682	0	407	474	826	322	539	199	656	587	579	1	427	645	0	646	686	661	347	208	743	601	588	666	601	674	655	424	547	0	465	595	0	390	586	365	651	0	654	582	298	0	0	664	637	0	630
NC_063219.1	39000001	723168	721653	722134	721956	705442	719632	720879	718462	720835	721449	721384	720174	722220	97107	437932	720456	722380	717313	721027	722160	446270	316158	721453	477892	720690	720804	720850	719741	721217	700975	716206	719802	718438	713449	285859	720104	133987	720144	720585	721048	719896	720752	720185	719852	721330	720034	720756	719385	704958	719205	493933	720239	722189	720146	718338	720129	719628	568339	721747	719985	508244	559701	721364	709962	721182	722224	370359	489830	721767	721235	721849	722071	428485	722092	721459	470500	721428	721861	719906	721933	709838	719949	476760	584686	720522	721355	721753	721872	719622	722414	721421	722542	721898	722096	722284	721891	722020	721817	712556	711898	720917	713781	722087	721045	718872	721399	643522	721149	695412	678278	689268	721188	719128	485122	599454	719393	698885	715265	569276	653694	692950	721730	721903	721660	722584	717641	721354	720676	407210	722079	581558	718260	712986	718781	720412	718855	720605	720130	699538	720382	652513	721222	714181	721645	720377	721949	721679	667755	721390	719476	719292	720667	721605	721746	721476	722391	720882	665802	714606	720109	719722	712475	693634	720229	700017	718773	719711	712709	719480	655126	717318	712142	720393	686281	718961	709943	533	0	651	2	825	1	539	584	603	693	0	709	11	370	690	851	806	593	708	360	176	11	352	694	694	689	685	778	681	708	715	309	706	138	570	60	684	635	681	709	687	637	588	593	672	386	675	1	691	388	639	655	679	717	630	676	2	390	694	44	456	839	0	698	703	269	375	326	720	762	535	221	534	846	329	1	626	556	651	704	0	295	447	697	691	80	665	687	604	1	709	580	703	655	799	707	696	630	668	585	1	0	0	1	690	599	1	571	544	635	702	0	325	496	0	557	809	512	647	713	603	651	541	697	649	306	683	0	11	2	822	703	123	688	81	0	696	555	579	4	842	598	1	368	711	678	0	0	568	744	640	529	644	652	654	829	592	1	620	653	0	0	624	666	678	0	730	629	0	0	1	697	660	1	635
NC_063219.1	40000001	618711	616739	617716	617599	593615	614517	616805	602329	604300	615569	613280	614066	616582	101970	378481	614691	617788	609601	616995	617963	293926	288678	616685	326298	616241	615611	616624	616218	616748	597886	610911	614294	611202	603502	268260	615407	144525	616336	615479	616716	615224	615622	615043	615970	617233	616224	616740	615646	581691	614577	326114	615643	617737	615270	613985	615865	613599	449799	616092	613860	337662	380704	616478	607217	616143	617739	250158	293140	617929	614714	617231	617002	249882	616241	616082	329820	616581	617669	605189	617453	604784	615822	300034	411900	616961	616962	617346	617182	615617	617639	617675	617793	617158	617886	617903	613118	617834	617042	606953	588331	616119	607818	617792	616649	613316	617073	491884	615996	582113	571521	542461	614558	613877	305345	385643	615225	593245	603686	390044	485742	568178	616951	615987	614892	617955	612232	616727	616420	230227	618019	404822	611516	607423	604207	616344	611845	616054	615589	589032	616111	521738	615057	602988	617279	614441	616835	616289	555087	617814	612435	614812	615816	615567	616912	616871	617819	615751	561492	597815	615451	601660	600514	599419	614381	556258	614692	602024	598535	612155	494911	596736	596143	612646	586848	612473	598985	337	18	356	4	415	5	412	407	170	245	5	74	4	211	241	432	404	170	71	50	78	6	152	75	242	68	70	350	227	77	433	1	67	35	314	64	421	346	231	73	413	345	170	171	238	6	76	1	438	171	73	76	228	69	351	341	0	9	416	1	193	421	5	68	71	138	121	171	431	72	382	135	374	429	208	3	418	414	69	65	4	75	134	80	81	348	334	72	174	9	76	457	69	361	380	74	337	60	226	170	6	9	6	6	242	205	7	157	401	324	72	4	109	64	10	428	404	52	338	74	167	352	372	239	225	9	74	0	1	3	415	429	7	235	8	8	71	359	165	9	422	397	6	4	76	412	4	4	161	74	345	361	358	345	353	423	309	6	421	74	9	5	338	230	69	11	433	338	9	13	9	71	375	0	66
