chrom	window_start	sites_total	calls_AL101	calls_AL102	calls_AL103	calls_AL114	calls_AL119	calls_AL120	calls_AL121	calls_AL124	calls_AL125	calls_AL127	calls_AL129	calls_AL133	calls_AL134	calls_AL137	calls_AL138	calls_AL141	calls_AL142	calls_AL143	calls_AL146	calls_AL149	calls_AL153	calls_AL155	calls_AL156	calls_AL159	calls_AL160	calls_AL162	calls_AL166	calls_AL170	calls_AL173	calls_AL174	calls_AL175	calls_AL176	calls_AL177	calls_AL178	calls_AL180	calls_AL181	calls_AL182	calls_AL184	calls_AL185	calls_AL187	calls_AL189	calls_AL193	calls_AL196	calls_AL197	calls_AL199	calls_AL200	calls_AL201	calls_AL204	calls_AL207	calls_AL208	calls_AL209	calls_AL210	calls_AL213	calls_AL215	calls_AL216	calls_AL220	calls_AL223	calls_AL231	calls_AL238	calls_AL241	calls_AL242	calls_AL243	calls_AL244	calls_AL246	calls_AL254	calls_AL255	calls_AL256	calls_AL263	calls_AL266	calls_AL269	calls_AL272	calls_AL273	calls_AL274	calls_AL276	calls_AL278	calls_AL279	calls_AL283	calls_AL284	calls_AL288	calls_AL292	calls_AL300	calls_AL303	calls_AL304	calls_AL307	calls_AL309	calls_AL313	calls_AL32	calls_AL35	calls_AL75	calls_AL82	calls_AL86	calls_AL88	calls_AL91	calls_AL92	calls_AL95	calls_AL97	calls_AL99	calls_K1423	calls_K1461	calls_K1542	calls_K1544	calls_K1567	calls_K1579	calls_K1580	calls_K1583	calls_K1603	calls_K1606	calls_K1608	calls_K16100	calls_K1614	calls_K1617	calls_K1618	calls_K1623	calls_K1627	calls_K1632	calls_K1640	calls_K1650	calls_K1660	calls_K1663	calls_K1665	calls_K1669	calls_K1672	calls_K1680	calls_K1684	calls_K1693	calls_K1696	calls_K17007	calls_K17008	calls_K17010	calls_K17013	calls_K17014	calls_K17025	calls_K17028	calls_K17030	calls_K17032	calls_K17033	calls_K17034	calls_K17035	calls_K17037	calls_K17040	calls_K17042	calls_K17044	calls_K17045	calls_K17048	calls_K17052	calls_K17053	calls_K17056	calls_K17062	calls_K17064	calls_K17073	calls_K17077	calls_K17078	calls_K17081	calls_K17083	calls_K17087	calls_K17091	calls_K17094	calls_K17098	calls_K17099	calls_K17101	calls_K17102	calls_K17103	calls_K17104	calls_K17106	calls_K18010	calls_K18017	calls_K18019	calls_K18022	calls_K18034	calls_K18078	calls_K18083	calls_K18084	calls_K18091	calls_K19018	calls_K19019	hets_AL101	hets_AL102	hets_AL103	hets_AL114	hets_AL119	hets_AL120	hets_AL121	hets_AL124	hets_AL125	hets_AL127	hets_AL129	hets_AL133	hets_AL134	hets_AL137	hets_AL138	hets_AL141	hets_AL142	hets_AL143	hets_AL146	hets_AL149	hets_AL153	hets_AL155	hets_AL156	hets_AL159	hets_AL160	hets_AL162	hets_AL166	hets_AL170	hets_AL173	hets_AL174	hets_AL175	hets_AL176	hets_AL177	hets_AL178	hets_AL180	hets_AL181	hets_AL182	hets_AL184	hets_AL185	hets_AL187	hets_AL189	hets_AL193	hets_AL196	hets_AL197	hets_AL199	hets_AL200	hets_AL201	hets_AL204	hets_AL207	hets_AL208	hets_AL209	hets_AL210	hets_AL213	hets_AL215	hets_AL216	hets_AL220	hets_AL223	hets_AL231	hets_AL238	hets_AL241	hets_AL242	hets_AL243	hets_AL244	hets_AL246	hets_AL254	hets_AL255	hets_AL256	hets_AL263	hets_AL266	hets_AL269	hets_AL272	hets_AL273	hets_AL274	hets_AL276	hets_AL278	hets_AL279	hets_AL283	hets_AL284	hets_AL288	hets_AL292	hets_AL300	hets_AL303	hets_AL304	hets_AL307	hets_AL309	hets_AL313	hets_AL32	hets_AL35	hets_AL75	hets_AL82	hets_AL86	hets_AL88	hets_AL91	hets_AL92	hets_AL95	hets_AL97	hets_AL99	hets_K1423	hets_K1461	hets_K1542	hets_K1544	hets_K1567	hets_K1579	hets_K1580	hets_K1583	hets_K1603	hets_K1606	hets_K1608	hets_K16100	hets_K1614	hets_K1617	hets_K1618	hets_K1623	hets_K1627	hets_K1632	hets_K1640	hets_K1650	hets_K1660	hets_K1663	hets_K1665	hets_K1669	hets_K1672	hets_K1680	hets_K1684	hets_K1693	hets_K1696	hets_K17007	hets_K17008	hets_K17010	hets_K17013	hets_K17014	hets_K17025	hets_K17028	hets_K17030	hets_K17032	hets_K17033	hets_K17034	hets_K17035	hets_K17037	hets_K17040	hets_K17042	hets_K17044	hets_K17045	hets_K17048	hets_K17052	hets_K17053	hets_K17056	hets_K17062	hets_K17064	hets_K17073	hets_K17077	hets_K17078	hets_K17081	hets_K17083	hets_K17087	hets_K17091	hets_K17094	hets_K17098	hets_K17099	hets_K17101	hets_K17102	hets_K17103	hets_K17104	hets_K17106	hets_K18010	hets_K18017	hets_K18019	hets_K18022	hets_K18034	hets_K18078	hets_K18083	hets_K18084	hets_K18091	hets_K19018	hets_K19019
NC_063225.1	1	830840	829980	830013	830140	815349	828236	829382	828371	828531	828425	828209	827031	827993	77553	327854	827363	829680	827309	829280	830261	143089	220374	828849	187158	829182	828088	829611	828681	829841	805729	825347	828900	824398	818416	192805	829108	98295	829107	829388	829526	827476	827451	829172	828528	829807	829198	829337	828102	814385	828179	205087	828738	830153	828999	829876	829322	827849	390780	826380	826834	204222	317758	829185	810816	826329	830085	142895	170819	830543	826679	829362	830355	125508	829471	829480	235772	829061	830518	827615	830081	814980	827805	187279	378575	829419	829031	830205	829997	828321	829885	830028	830369	829639	830149	830470	828657	830411	830120	822876	773047	827992	824250	830338	830074	828138	829847	544190	828637	746478	728240	654564	825352	829744	280293	337717	829632	777858	814766	336752	509522	717912	828819	830664	825069	830636	827284	829345	828788	115194	830514	365308	826740	798700	829215	828791	828729	830518	827110	822477	828754	622146	830124	794473	827691	828514	828852	829667	688549	830143	825435	827233	829589	829727	830230	829954	830451	828975	690689	771340	826864	782763	787332	818861	829027	673581	824023	813732	776547	823499	542487	800249	770145	816712	774187	816020	810718	452	537	453	410	391	516	503	39	400	403	0	0	1	123	0	88	81	395	0	0	57	2	70	0	0	391	394	450	371	436	395	398	395	76	0	0	513	395	0	411	506	394	324	409	2	2	509	0	397	63	439	405	0	0	0	445	4	396	509	10	112	2	462	396	416	1	0	0	2	2	0	65	328	2	98	0	457	450	1	379	2	70	174	0	2	416	0	2	1	416	455	528	454	458	334	1	401	380	300	322	2	2	0	316	0	2	399	345	0	0	400	0	97	0	501	358	2	236	1	6	0	2	329	0	313	394	87	0	2	0	383	80	413	409	2	2	87	358	2	251	2	465	2	443	0	2	375	403	0	2	0	0	0	0	403	2	0	447	54	363	449	0	439	1	2	383	77	378	0	361	357	376	1	482	468
NC_063225.1	1000001	849323	847480	848300	848304	845850	846031	847653	846112	846133	846609	846204	847313	847662	66693	394110	846071	848098	844472	847243	848454	179953	231353	846893	218913	847023	846463	847296	846510	847761	839605	845340	846867	846433	845571	197053	847061	93537	846898	847348	847558	846125	846261	847181	846397	847693	847139	847429	845605	843496	845827	247595	846511	848348	847460	848051	847489	845597	463642	846967	845889	261937	410634	847516	835762	845543	848355	181091	229123	848822	847099	847729	848655	164539	847567	847907	279847	847465	848718	846235	847839	839695	846089	224999	472031	847414	847563	848382	848368	846351	847090	848145	848625	847932	848145	848642	847573	848501	848183	840975	814088	846443	843336	848655	848962	846578	848140	626514	847542	796498	791324	735073	846209	848368	361649	428053	848146	816646	839369	425038	613384	765529	847066	849076	846092	849022	845085	847266	846544	163762	848922	445669	845085	836459	847481	846586	847070	849014	845092	838629	846966	693099	848748	830354	848063	846657	847459	848259	748102	848045	845604	846109	847861	848116	848569	848158	848643	847546	762559	819016	845375	828711	823808	832646	847874	757221	844706	841528	820121	845129	636301	836560	813769	842329	813382	841943	836214	597	557	237	236	305	411	393	1	312	309	0	0	2	106	0	404	559	306	0	0	56	0	55	0	0	516	305	237	303	231	527	236	237	76	0	0	411	306	0	237	401	302	493	233	0	0	395	0	228	77	234	313	0	0	0	231	0	301	413	100	171	0	377	318	234	24	0	0	213	0	0	79	560	0	78	0	239	238	2	230	0	70	119	494	0	240	0	0	476	237	236	543	236	238	606	0	312	219	557	500	0	0	0	578	1	96	530	323	0	0	236	0	147	0	406	225	442	242	125	3	0	0	597	0	332	517	327	1	0	3	490	342	232	58	0	0	353	216	0	379	0	378	0	226	0	0	319	535	0	0	0	0	0	0	312	0	0	221	351	503	217	0	229	0	0	304	340	227	255	296	209	498	0	389	363
NC_063225.1	2000001	852374	851690	851886	852024	846995	850180	850997	850023	850436	849887	848421	850617	850593	82374	366200	848845	851689	849365	850983	851837	128405	234723	850191	165564	850613	849318	851113	850227	851425	827084	848102	850784	847941	847384	197482	850759	101019	850662	850653	851117	849222	848612	850656	850085	851309	850555	851012	849815	846648	849945	194417	850148	851772	851034	851769	851002	848199	428320	849854	848300	204555	347611	850926	832521	847776	851641	139559	167247	852156	848556	851044	851960	112750	851109	851198	237715	850364	852068	849341	851657	843373	849342	186228	421139	850977	850699	851914	852016	849884	851263	851767	851996	851655	851850	852072	851227	851899	851912	842921	799411	849593	844641	851857	851476	848965	851444	574233	849426	779408	768083	692530	848219	851037	276957	352914	850917	807485	839548	364497	552405	745629	849762	852071	847321	852156	848268	850795	850532	109668	851988	379892	848406	829652	850971	849951	849016	851462	849014	841192	850099	655235	851635	823836	850557	850133	850370	851043	719309	851715	846819	848814	851243	851348	851734	851599	852094	850665	727693	801962	848620	814075	812902	838874	850895	715730	845617	839468	810896	847270	577194	828392	800693	841222	809372	840920	833363	686	698	335	334	535	581	640	0	512	509	0	0	0	146	0	649	649	504	0	0	79	0	32	0	0	533	500	332	493	323	545	318	324	82	332	40	579	543	0	337	575	496	610	336	383	0	563	0	330	73	0	515	0	0	0	316	4	499	581	120	142	0	524	508	338	11	0	0	504	0	0	72	0	0	64	0	336	337	0	307	0	93	117	634	0	338	0	2	556	657	336	688	333	338	635	0	549	304	109	609	0	336	0	603	0	204	550	514	265	0	322	0	113	0	574	241	484	241	23	0	0	0	617	0	611	534	501	0	0	1	513	572	326	0	60	582	618	306	230	426	0	540	0	316	0	0	432	542	319	0	0	0	0	0	514	1	187	1	550	496	5	1	325	0	0	480	567	315	355	458	284	510	0	557	527
NC_063225.1	3000001	851456	850716	850977	850921	845995	848715	850206	848745	849563	849019	848363	850144	848718	65010	335212	848016	850563	848110	849911	850710	135148	208258	849083	178783	849692	848626	850034	848945	850362	840013	848110	849392	849539	847384	169086	849843	80094	849718	849500	849933	848379	848400	849536	848787	850043	849423	850021	848646	846456	848435	207817	848986	850663	849787	850401	849673	848330	413000	848315	848105	207225	377112	849792	837910	847671	850563	136061	186056	850927	848796	850019	850662	124215	850204	850018	217052	849060	850956	848209	850893	845565	848235	190589	455595	849928	849765	850945	850743	848521	850634	850798	850847	850471	850745	851083	850416	850737	850717	842529	810419	848786	843075	850833	850600	848697	850242	622785	848964	795109	786130	720788	848009	850240	281845	383591	850067	815113	839623	414549	600227	764495	849252	851026	848297	851226	848037	849754	849201	121274	851073	433799	847769	835832	849877	849158	849009	850954	848535	839803	849603	686452	850702	830868	850000	849195	849553	850286	741635	850789	846624	847436	850015	850352	850673	850447	851071	849894	756829	817731	848333	827053	823187	835185	849741	750909	845303	843538	820055	847087	626899	836207	813320	844525	813479	843746	833888	366	287	318	314	524	168	0	0	569	497	0	1	17	154	340	536	520	565	343	20	51	179	67	337	342	480	476	379	466	534	563	532	313	44	328	37	341	616	338	317	371	533	240	542	617	178	340	0	523	69	170	545	334	339	333	315	72	530	170	90	145	0	164	469	317	45	2	160	562	331	1	46	2	0	71	46	319	317	284	522	174	48	171	649	162	319	341	409	509	291	541	290	318	321	632	178	625	487	332	237	312	319	342	605	48	237	487	465	282	0	316	0	80	103	168	272	443	121	0	132	381	179	548	340	507	559	467	20	0	114	462	509	308	0	338	169	523	268	160	190	0	161	160	367	342	175	140	487	302	173	337	335	0	0	577	0	327	0	659	549	0	0	309	262	0	551	497	305	318	536	290	468	160	393	453
NC_063225.1	4000001	852175	851543	851674	851752	847909	849278	850739	849502	849911	849804	849333	850659	850079	54386	334259	849242	850919	847958	850408	851289	130759	171708	850635	184589	850172	849947	850580	849567	850744	845281	848442	850349	850773	847930	140411	850061	66798	850202	850310	850584	849717	849091	849850	849900	850689	849935	850391	849167	848194	848839	211357	849746	851438	850315	850909	850141	850177	389227	849923	849268	202888	406876	850503	841619	849123	851280	126949	217172	851697	849972	850444	851542	151328	850936	850902	223483	850828	851805	849775	851631	847184	849430	199660	519317	850617	850551	851574	851628	849215	851343	851426	851660	851464	851379	851772	851187	851374	851529	841428	825551	850032	844115	851487	851030	849261	850880	683084	850009	815330	804475	765597	849566	850801	320546	470268	851055	827893	842927	473382	670833	789864	850428	851437	850080	851935	847653	850438	850005	160316	851756	505862	848433	840590	850575	849709	849588	851485	849262	840267	850133	718548	851236	837674	850947	849813	850839	850989	768929	851363	848454	849036	850497	851100	851208	851054	851722	850193	789914	831984	849533	839147	831719	828896	850524	781947	847449	847266	831832	848338	690374	843456	829428	846943	821018	845458	839558	837	894	863	837	667	0	2	2	799	734	485	472	17	192	351	697	676	780	352	50	80	697	0	341	839	587	536	0	586	666	783	683	810	54	851	22	838	559	828	859	214	686	517	690	833	724	839	467	713	89	726	701	816	4	4	726	184	698	482	89	16	0	0	583	739	46	0	709	785	4	483	66	475	0	106	487	865	866	561	655	834	103	307	845	681	847	836	675	559	856	700	863	863	698	558	855	563	630	725	0	323	739	4	810	0	574	564	613	536	385	847	340	140	293	481	765	517	227	3	584	845	697	819	837	670	806	574	22	832	3	564	666	848	0	819	484	853	750	463	0	0	156	701	2	675	686	408	604	809	728	4	819	347	2	666	0	3	322	812	764	314	0	831	623	457	857	656	815	452	830	671	558	619	4	744
NC_063225.1	5000001	850427	849631	849813	849585	843341	847273	848685	847601	848635	848715	848874	847444	849131	72881	385752	848101	849367	843838	848653	849708	317478	238057	849501	375227	848431	848578	848725	847738	849077	841491	827243	847899	849194	842374	195645	848150	99120	848066	848425	848849	848014	848711	848300	847917	848689	847997	848610	847086	816478	847229	403510	847835	849472	848332	845398	848408	843923	488215	848694	848070	370051	595282	849046	829478	848194	849711	259958	459740	849526	848727	849436	849807	373829	849457	849237	336592	849195	849749	848348	849532	824190	848125	400602	668661	848664	848960	849717	849749	847731	849520	849384	849935	849585	849443	849962	849067	849639	849575	841307	842435	849089	841932	849871	849418	847017	849003	775146	848810	832405	806090	825943	849539	848843	604458	697762	848735	832630	845994	667326	777976	827221	849261	849883	849198	850172	846214	848946	848871	393556	849987	683623	847350	839002	848785	847979	845677	849695	847885	831536	848553	783666	849843	842521	850073	848525	849521	849414	801408	849687	847510	847674	848775	849211	849558	849210	849944	848658	795073	846131	848573	847476	842471	813216	848622	831623	846385	848809	842187	848606	779773	845887	843586	847894	803483	848720	839801	560	720	678	105	579	0	2	3	320	566	268	267	33	153	0	673	632	318	0	83	38	248	182	0	268	729	306	556	726	538	686	568	698	88	581	42	704	742	707	607	555	316	625	560	742	257	692	626	311	213	28	318	711	0	0	563	116	315	606	215	281	606	416	732	558	53	170	669	314	0	9	247	10	607	17	666	597	600	314	543	588	278	364	631	134	721	721	554	761	710	562	716	710	566	755	596	766	507	304	0	0	556	247	626	447	629	316	639	402	647	542	0	163	314	697	688	305	546	147	234	505	0	271	723	630	695	725	3	141	0	689	548	597	0	315	714	719	609	699	421	608	0	566	300	563	640	640	508	680	552	0	267	0	314	0	541	547	0	572	321	0	430	586	313	694	598	550	581	565	593	547	306	498	0	114
NC_063225.1	6000001	854211	853692	853733	853765	848794	851018	852466	851391	852017	853117	853432	853117	852306	39088	250770	853309	853121	849793	852717	853748	119129	130201	853651	167191	852502	853471	852581	851809	853123	848799	851900	852668	853653	848590	87598	852295	39871	852339	852808	852828	852989	852460	852142	851762	853193	852365	852448	851070	851018	851534	223046	852111	853603	852500	853242	852709	853218	345302	851600	853023	177383	475777	852660	847486	851705	853520	113967	269121	853603	852719	853295	853698	179998	853295	852958	181587	853830	853759	853421	853708	850219	852082	220353	595246	852954	852883	853822	853644	851986	853463	853471	853901	853428	853347	853913	853711	853729	853451	847474	839402	852793	847761	853643	853955	852186	853242	744360	853730	834640	828387	808910	852996	853305	416361	564857	853065	837661	849046	565794	745115	814338	853784	853893	853105	854001	850492	852845	852191	197711	853942	582716	851100	847429	852741	852025	853687	853881	851472	844371	852299	767253	853508	846143	853817	852673	853931	853296	798549	853541	851616	852755	853002	853294	853537	853349	853912	852679	814615	845904	852065	850632	844247	827354	852944	820333	850148	852049	843594	852174	750546	850373	842139	851327	831113	851492	846396	786	652	790	1	693	1	1	1	879	790	0	0	7	128	91	835	788	875	91	32	44	0	57	89	91	661	902	786	790	790	774	811	726	31	779	14	638	770	686	656	774	895	0	802	772	819	742	756	889	96	902	921	549	88	757	776	1	896	0	47	222	746	739	649	782	51	132	837	907	87	0	18	88	757	0	794	789	791	920	769	758	15	392	0	795	653	651	764	763	767	789	767	767	793	788	785	761	733	877	0	0	786	90	889	741	84	923	807	0	681	825	0	271	335	633	729	856	358	681	84	925	90	90	739	792	775	636	65	90	59	801	611	517	601	921	653	629	685	630	643	749	467	835	766	833	772	696	920	761	778	766	91	784	786	91	635	708	0	1	878	0	636	775	807	627	787	609	760	631	783	755	897	713	0	0
NC_063225.1	7000001	840359	839756	839897	839761	834171	837164	838796	837457	838484	839002	839147	839207	838367	48660	269967	838929	839240	836000	838708	839735	146304	159535	839507	198772	838401	839408	838643	837645	839170	833128	837207	838605	838847	834349	119466	838291	50823	838462	838346	838916	838913	838020	838225	837705	839143	838036	838466	836989	834661	837277	245205	837935	839624	838394	838988	838496	838624	384067	837856	838899	213174	451423	838843	831565	837585	839485	141509	270244	839787	838379	839101	839726	186195	839242	839128	219911	839799	839972	839179	839740	835415	837627	231213	554521	838930	838769	839805	839750	838170	839505	839675	839912	839637	839577	839948	839381	839743	839636	833140	821716	838819	834655	839853	839911	837370	839259	712298	839515	814411	803589	780979	838656	839321	411413	549800	839121	818023	834665	523946	709550	794764	839766	840099	838500	840131	837667	838608	838142	195573	840036	557046	837080	830188	838886	837777	838913	840015	837599	828108	838571	733594	839844	829038	839660	838288	839732	839385	768210	839748	837349	838444	839101	839227	839734	839408	839964	838443	785947	828160	838110	832816	824408	813943	839181	791521	836580	836580	826531	837664	717700	833177	824358	836625	812459	836566	828546	626	487	629	2	803	0	2	2	633	628	1	1	12	69	490	765	741	627	493	66	61	1	81	480	493	628	706	624	736	747	611	761	719	40	613	18	484	394	760	642	611	712	0	758	390	753	745	601	655	112	713	731	1	490	741	621	0	710	1	82	238	750	582	621	625	51	88	773	660	481	0	62	484	756	8	630	631	629	797	618	606	67	287	1	636	725	485	738	633	762	630	751	767	630	393	620	688	580	689	0	496	623	493	701	677	1	732	716	51	549	760	1	218	348	482	712	693	258	565	449	731	491	488	638	729	621	625	23	487	281	739	685	513	632	670	492	607	678	477	566	763	604	775	476	776	616	537	727	598	625	762	483	766	618	492	485	547	1	511	634	2	477	617	587	473	655	696	603	566	653	584	707	584	1	1
NC_063225.1	8000001	828791	827883	827949	827977	820712	825772	826720	825570	825906	827173	827437	826901	825226	48782	203332	827356	827076	824948	826989	827930	82672	142825	827854	112442	826690	827751	827058	825861	827246	820121	825365	826543	826152	819436	104529	826275	53341	826617	826785	826788	827112	825317	826386	825920	827035	826331	826591	825209	821350	825361	147712	826263	827811	826572	827820	826399	825657	314924	825131	827340	126748	321696	826813	813782	824873	827879	93565	150833	828326	826367	827033	828076	93293	827298	827396	143414	827988	828288	827679	827855	821759	825543	142564	411041	826889	826695	827852	827787	826007	827509	827427	828132	827860	827561	828147	827384	827951	827746	821916	790311	825830	823794	828043	828502	826298	827280	616572	828167	779976	767016	717795	824922	827950	318170	422616	827609	797834	818082	382306	600148	747914	828096	828442	825338	828438	825704	826869	826502	106597	828386	428769	825569	809525	827044	825966	827514	828464	825558	821664	826378	665229	828049	808373	827443	826258	828301	827417	722486	827860	824821	827038	826986	827567	827757	827493	828298	826841	740700	797277	825821	807461	801049	814445	827328	728509	824330	821429	799519	824533	620990	815325	795565	821783	787407	821568	813801	670	649	674	0	546	2	0	0	350	673	1	2	25	55	651	558	540	348	652	3	10	1	55	641	649	1	310	660	518	562	553	564	526	0	658	34	631	310	562	353	645	311	0	572	300	542	254	649	2	10	306	316	1	645	569	650	0	297	1	32	104	569	613	336	674	12	15	567	2	633	1	39	632	563	22	677	679	677	564	634	647	50	249	1	341	583	647	563	349	576	676	577	570	675	316	669	349	533	280	0	294	666	650	302	313	3	313	490	276	526	560	0	61	120	630	11	298	208	195	527	317	639	634	355	537	556	347	1	637	240	537	1	554	342	2	650	343	510	631	233	569	625	566	0	571	664	537	313	431	663	562	625	579	674	650	633	536	44	555	340	42	305	664	282	618	4	1	540	361	3	602	299	596	1	1
NC_063225.1	9000001	850788	850096	850151	850120	847373	847973	849422	847915	848683	849449	849476	849806	848606	47689	309441	849250	849876	846550	849352	850111	146239	170104	849679	195290	848694	849537	849151	848062	849589	845793	848780	848602	850105	846294	129948	848921	57414	848709	848741	849086	849546	848674	848771	848499	849442	848553	849122	847574	847460	847688	235357	848204	849929	848928	848374	849203	849452	399218	848352	848892	207269	448005	849281	842057	847369	849920	135815	244777	850158	848300	849409	849910	171614	849556	849511	199788	850117	850305	849563	850089	848298	848039	215454	555271	849244	849271	850307	850205	848114	850109	850011	850256	850042	850075	850483	850110	850084	850018	840824	826049	848541	841759	850305	849310	847274	849592	701319	849437	818516	807383	775775	848077	848758	346483	509211	849241	827989	844597	510960	694042	792045	849698	849609	848915	850510	846756	849087	848901	176399	850339	533759	847096	839135	849149	848499	848313	849459	847887	837109	848894	731625	850096	839279	850025	848445	850133	849754	775386	849967	846564	848915	849296	849398	850008	849762	850437	849138	790151	832248	848698	839714	833947	824011	848541	791672	846142	846262	833544	847162	711461	842686	829737	846359	822122	845215	836871	657	618	658	0	261	0	0	0	614	658	0	0	7	128	617	652	627	597	614	0	0	0	80	604	618	567	2	655	637	479	494	488	467	43	645	19	599	554	480	612	639	2	447	486	562	641	0	647	547	53	2	2	0	592	478	651	0	2	0	105	142	479	610	587	653	1	104	656	560	604	0	65	608	477	86	662	659	659	656	641	632	81	315	455	606	491	615	475	611	486	659	482	481	658	556	655	596	467	422	0	422	653	619	428	2	1	2	608	504	554	639	0	1	1	637	0	2	322	1	522	2	614	603	615	612	508	594	0	612	305	624	525	505	598	566	656	589	413	632	4	480	619	659	0	661	644	558	2	554	644	480	608	483	649	617	601	573	625	506	595	620	554	639	521	588	548	377	489	467	548	612	2	592	1	0
NC_063225.1	10000001	847376	846899	847062	846998	842676	844597	845952	844835	846033	846297	846110	846702	846170	60273	398947	845441	846842	841962	845957	846851	262704	231971	846402	320193	845548	846037	845969	844764	846170	838621	844627	845366	846653	844210	178422	845520	72662	845534	845465	845960	845522	845513	845589	845195	846072	845391	845730	844221	842028	844572	373307	845026	846670	845763	843998	845482	846892	517475	846094	845313	331443	580531	846285	839898	845082	846664	211934	405674	846744	845611	846326	846851	308730	846429	846289	310144	846276	846940	846048	846625	843553	845049	363341	665039	846044	846054	846997	846896	845361	846914	846869	847087	846699	846706	847024	846827	846826	846758	837065	834558	846109	838242	846909	846188	844555	846340	752445	845521	827127	811375	810531	845709	845617	479512	629078	845755	828896	842229	630035	757726	811135	846182	846700	845972	847131	842831	846063	845777	305528	847126	637815	844389	837862	846097	845310	844110	846273	845067	829662	845730	772813	846784	839230	846874	845433	846663	846588	798934	846673	844459	844896	846315	846527	846762	846486	846988	845829	803726	837887	845937	842218	837270	807315	845564	819794	843370	845024	836952	845378	763673	842668	836673	844686	823946	843872	837217	624	651	630	2	1	0	2	2	276	633	1	1	40	208	648	788	740	273	655	75	52	1	161	638	648	513	364	628	786	700	550	708	690	73	617	47	639	481	693	273	622	491	618	690	477	774	2	624	507	198	370	376	0	621	693	635	2	377	1	72	342	691	609	273	629	50	157	781	520	647	0	195	644	692	119	634	631	633	784	627	616	208	419	624	274	704	649	684	277	702	636	697	702	634	577	633	297	516	745	0	700	625	647	745	375	2	377	753	450	575	773	1	147	224	605	0	357	419	308	601	379	276	651	275	737	557	265	0	653	431	742	557	564	275	510	624	273	577	608	335	688	614	792	0	792	615	564	375	483	624	696	637	702	629	743	648	569	602	565	274	612	471	611	256	631	565	765	554	659	561	594	371	598	1	4
NC_063225.1	11000001	809237	808485	808713	808636	804551	806207	807747	806207	807576	806849	806568	807932	807958	72467	391540	805834	808512	803669	807645	808586	281273	228387	807593	336388	807355	805982	807646	806612	807978	797947	801864	806863	797512	805766	188545	807155	95881	807249	807189	807656	805314	807291	807115	806526	807854	806957	807559	805867	799387	806448	367003	806755	808384	807204	804701	807497	806279	502298	807926	804518	354572	535568	807609	801445	807014	808530	229337	376243	808406	807431	808214	808379	296160	807998	808027	331813	807424	808729	805567	808352	802546	806801	345084	611432	807749	807901	808616	808608	806301	808476	808373	808651	808458	808393	808875	808502	808579	808478	798167	793089	807631	802027	808618	808114	806311	808247	705599	806994	785117	765868	758630	807644	807663	455806	585924	807748	786301	801499	573502	700939	768322	806786	808629	807735	808998	804852	807651	807262	301314	808870	586565	805521	797835	807896	806956	806155	808349	806903	793345	807639	719934	808562	799230	808288	806846	807813	808246	743502	808288	806136	805060	807607	808132	808533	808206	808760	807868	750639	797808	807308	803142	795481	771406	807415	773300	805671	806745	795917	806968	716350	802382	794280	806502	776418	805438	798078	727	588	741	0	446	0	0	0	2	741	2	2	32	125	586	633	580	2	594	161	98	2	189	578	591	562	581	734	618	630	738	626	631	73	718	47	579	538	628	2	732	615	718	621	165	626	153	731	551	103	584	592	0	553	627	741	3	585	2	1	268	626	709	2	736	122	40	629	559	584	0	177	594	619	35	745	625	624	633	729	720	208	471	728	2	634	586	611	2	630	739	632	629	741	756	738	562	661	557	0	528	739	592	552	586	0	584	598	151	652	623	2	217	369	715	0	568	439	482	542	592	2	589	122	598	741	2	0	588	386	608	372	742	2	551	734	2	528	708	513	625	724	636	1	635	728	634	589	161	728	619	575	632	736	636	581	656	711	745	2	694	160	610	2	575	376	383	727	509	373	709	577	698	2	2
NC_063225.1	12000001	716881	715004	715702	715563	675846	713227	714578	712895	714603	710189	709283	635104	715621	131976	492323	706440	715582	708840	714546	715609	434273	427337	710759	466902	714129	707433	713732	713715	714591	659674	532843	712188	491894	651548	402157	713711	244935	713935	713660	714109	707422	714332	714043	713582	714494	713468	714582	713150	513533	712144	442330	713964	715314	713594	700409	713460	418833	487001	714931	705661	417496	498858	714794	673742	714724	715859	391620	466521	715286	714972	715292	715729	439882	715366	715334	419410	710485	715980	707228	715270	468417	713810	425695	429029	713588	714907	715665	715323	712931	715894	715156	715720	715419	715313	715789	709813	715384	715451	702702	708863	715369	701962	715738	712377	709878	715254	616871	710014	689581	605183	694275	715972	711902	538574	648455	713846	689250	710029	547261	624734	699937	710803	714843	715373	716460	709255	714769	714738	530115	716125	569532	714133	687231	715344	714524	700993	713853	714884	671966	715008	638848	715894	704007	715843	714758	711410	715878	654644	715652	711676	706359	714305	715358	715372	715555	716265	715465	596382	712939	714952	711903	703359	668515	714142	695944	712716	713377	698123	715162	632306	710719	711351	714120	560114	714277	700477	796	62	802	718	811	0	716	735	4	801	0	0	76	1	57	4	779	4	62	40	21	1	42	62	62	707	58	790	781	640	150	601	790	285	772	13	60	700	823	4	58	89	770	826	712	88	57	621	686	31	62	63	0	44	808	48	1	63	0	382	459	817	58	4	59	347	424	91	703	60	0	450	63	819	379	802	573	90	819	37	785	419	474	782	0	832	63	813	4	829	801	92	826	803	156	796	714	138	4	0	4	795	62	4	60	1	777	808	638	54	829	0	413	51	705	1	774	48	670	59	61	0	63	61	99	742	4	456	60	51	797	688	741	4	675	686	4	621	60	51	823	786	831	1	832	59	48	61	692	729	810	60	825	60	93	61	47	780	742	4	778	681	815	4	62	714	704	725	80	712	782	60	651	0	0
NC_063225.1	13000001	849557	848875	849006	848825	846605	846770	848252	847059	847099	846618	846098	848451	846126	75357	328413	845354	848706	845378	848217	849018	134247	217314	847233	174004	847736	845886	848120	847012	848326	841635	846696	847386	847788	846250	178975	847653	88212	847771	847663	847998	846068	846946	848049	847207	848308	847535	847841	846682	842272	846687	184348	847500	848980	847811	847699	847800	847622	408682	845991	845288	193177	324774	848012	829734	844964	848856	127276	152566	849040	843600	847880	848898	112219	848068	848076	209921	847166	849172	845539	848836	844876	846330	182962	395380	848208	847818	848949	848981	847023	848975	848791	849036	848860	848838	849161	848716	848836	848870	838293	789750	846085	841870	849032	848618	846499	848468	557870	847057	766562	758316	668116	844748	848154	240473	326244	848024	803493	836720	345486	528783	733783	846966	849163	843336	849300	845583	847856	847268	100739	849254	369354	845313	822738	847871	847366	846710	848859	846973	837234	847574	643398	848579	815355	846938	847460	847630	848289	709437	848756	843293	845569	848124	848319	848665	848590	849130	847892	715672	795252	846308	804477	807884	836884	847499	699337	844064	834575	799446	843723	559571	821438	791220	837556	800562	835477	825388	475	0	476	466	187	0	465	463	2	472	0	0	24	0	2	2	177	2	0	0	1	0	0	0	0	2	2	473	473	467	194	471	192	0	471	0	0	2	470	2	0	0	457	196	0	0	0	457	2	0	0	0	0	2	464	0	3	0	0	65	92	465	0	1	0	14	0	2	2	2	0	34	0	465	1	474	0	2	478	0	454	60	71	473	0	477	0	464	2	471	478	0	475	479	474	474	0	175	1	0	1	196	2	2	2	135	197	173	0	4	194	0	37	0	0	1	432	0	124	0	2	0	0	2	259	0	2	19	2	1	451	0	0	2	0	0	2	158	0	7	467	421	474	0	477	0	0	2	0	0	468	0	473	0	0	0	0	391	0	1	423	0	461	2	0	0	0	0	2	0	171	2	389	0	0
NC_063225.1	14000001	827937	827408	827644	827612	825096	825626	826703	825747	826212	825887	824531	825975	826137	83176	387892	824317	827488	824849	826803	827548	111649	252132	825606	152219	826631	825083	826744	825698	827123	820638	823681	826522	823948	825548	214629	826409	107593	826465	826139	826619	825107	824870	826259	825832	826962	826222	826629	825270	823043	825299	169316	826141	827416	826657	827337	826361	823268	417642	825769	824461	193012	298686	826401	810203	823489	827205	123057	133158	827782	824489	826365	827433	92843	826633	826610	219748	825920	827681	825113	827504	818022	824658	174109	347499	826900	826507	827422	827561	825812	827370	827261	827586	827356	827455	827703	826628	827511	827326	819530	766645	824957	820519	827435	826693	825088	827035	519193	825469	742872	739032	647987	822845	826475	225823	286523	826805	780071	813544	303070	481371	709880	825752	827636	822547	827837	824197	826343	825931	79537	827622	329662	823679	801756	826636	825708	825193	827521	824954	819095	825690	609964	827210	797732	825733	825428	825954	826893	680270	827268	822226	824131	826798	826725	827226	827211	827570	826337	690105	776701	824757	785061	786229	819502	826444	669385	821871	813559	778761	821755	518028	800427	765313	816910	781458	813876	807994	374	0	381	371	1	0	369	368	2	379	0	0	16	0	2	2	2	2	0	0	0	0	0	0	0	2	2	380	366	359	0	355	0	0	368	0	0	2	373	2	0	0	374	0	0	0	0	359	2	0	0	0	0	2	373	0	0	0	0	48	69	368	0	2	0	0	0	2	2	2	0	14	0	365	1	379	0	2	384	0	359	37	0	378	0	381	0	371	2	372	381	0	375	381	378	375	0	0	2	0	2	0	2	2	2	172	0	2	0	1	2	0	1	0	0	0	332	2	2	2	3	0	0	2	353	0	2	0	2	3	358	1	0	2	0	0	2	0	0	6	364	334	375	0	383	0	3	2	2	0	371	0	376	0	0	0	1	319	0	2	317	0	368	1	0	1	1	0	1	1	0	4	318	0	0
NC_063225.1	15000001	836822	836288	836412	836396	833161	833968	835331	834237	834945	835087	834777	835170	834970	75247	308097	834548	836081	833589	835401	836413	104559	211481	835388	146532	835361	835278	835450	834615	835982	831243	833137	835409	833987	833341	171080	835197	94713	835214	835074	835532	834593	833525	834955	834596	835644	834776	835395	833505	831871	834209	170437	834895	836296	835143	836337	835317	833078	398186	834474	834869	172395	313069	835180	820892	832499	836023	118504	137683	836518	833238	835353	836172	93493	835578	835659	197395	835839	836577	834977	836219	829736	833685	151275	371921	835851	835056	836340	836347	834485	835994	836208	836598	836273	836260	836614	835614	836390	836160	827649	782011	834129	828572	836324	836274	834047	835688	551121	835335	758840	750704	668453	831985	835612	243446	321663	835643	791105	820927	333421	514063	725887	835552	836374	832516	836601	832802	835003	834604	89715	836492	358608	832376	815099	835382	834643	834492	836373	833379	826735	834785	634848	836160	810212	834595	834217	835797	835727	698759	836116	831521	834483	835668	835603	836235	836199	836513	834900	711888	788319	833503	796533	796581	825961	835100	698330	829907	823654	788353	831482	551682	813087	784376	826439	792273	824141	818321	99	213	97	97	189	0	99	99	3	97	0	0	6	2	207	3	210	3	214	16	34	0	0	210	213	2	206	98	302	294	207	301	204	1	98	1	205	2	309	3	0	209	97	214	205	207	0	94	2	24	204	213	0	213	305	0	0	210	0	43	53	305	0	3	0	2	21	210	2	208	0	21	205	302	28	99	213	214	312	0	94	23	2	97	0	312	213	299	3	311	99	212	310	99	306	97	1	193	2	0	3	0	217	3	212	48	0	173	163	1	208	0	0	52	209	1	274	0	1	152	215	0	209	211	92	207	3	16	215	63	287	1	205	3	213	211	2	183	0	141	303	86	310	0	311	0	0	214	193	207	306	206	306	0	214	209	2	83	200	2	79	204	302	1	197	2	2	196	103	2	0	199	83	0	0
NC_063225.1	16000001	847885	847198	847461	847383	845771	844791	846134	845337	846001	846828	846627	846376	846124	59703	355215	846764	847025	844275	846297	847276	106407	196452	846986	152206	846225	846792	846257	845506	846829	844931	844832	846137	846560	845151	166142	846127	71607	845853	846007	846391	846502	845493	846182	845586	846715	845909	846415	844867	843082	844934	158497	845461	847206	846085	846485	846237	845380	398936	845576	846211	169621	330416	846330	831350	843822	847221	112568	139125	847571	844430	846367	847346	96819	846601	846576	194599	847216	847576	846792	847310	841922	844795	155578	401605	846699	846399	847374	847338	845465	847144	847243	847570	847409	847331	847592	846922	847241	847086	838675	810655	845749	840654	847377	847043	844882	846736	616331	846881	797928	783307	724734	845347	846620	286239	383428	846396	815102	837652	369483	588854	765044	847139	847164	844390	847599	844116	846166	845807	96281	847560	400747	843964	830331	846364	845449	845462	847219	844835	838343	845841	675112	847160	828488	846192	845590	847232	846709	737994	847151	844101	845822	846657	846904	847169	846924	847394	846086	753146	817523	845111	828379	821467	835831	846102	742157	843420	839593	819838	844294	618174	835798	816033	840012	807344	840422	834518	2	331	1	1	329	0	1	1	0	2	0	0	0	0	333	0	326	0	332	30	45	0	0	325	332	1	323	1	322	318	328	325	322	0	1	0	329	1	327	0	0	326	1	324	324	320	1	1	1	33	322	333	0	328	328	0	2	324	0	41	68	325	0	0	0	0	30	333	1	322	0	26	324	331	39	1	333	334	332	0	2	27	0	1	0	334	328	321	0	329	1	330	330	1	334	1	1	307	0	0	0	0	332	0	329	0	0	288	263	1	326	0	0	100	323	0	309	1	0	280	334	0	325	333	1	322	0	36	324	107	316	3	325	0	334	334	0	292	0	224	330	2	330	0	336	0	1	331	310	327	328	329	331	0	332	331	0	1	320	0	2	324	327	3	316	3	3	317	191	3	0	317	2	0	0
NC_063225.1	17000001	293341	293126	293196	293176	291960	292266	292909	292380	292771	292366	292482	293090	293008	35471	181161	291970	293127	292083	292853	293151	62957	114325	292514	86239	292855	292209	292793	292525	292981	287203	292973	292732	293235	292532	96972	292729	47387	292693	292601	292851	292262	292453	292648	292040	292844	292637	292784	292283	292602	292439	84155	292519	293138	292577	291632	292637	292735	194217	292826	292016	92952	137120	292887	288893	292248	293082	59331	58639	293027	291967	292844	293117	45167	292816	292822	91224	292830	293248	292211	293081	292394	292373	75873	160433	292851	292760	293202	293219	292516	293058	293176	293173	293176	293194	293288	293162	293185	293101	289872	279696	292470	290132	293168	292930	292483	293057	212806	292390	275091	271152	249190	292233	292699	95830	129917	292897	282217	290120	132062	204134	264460	292544	293184	292033	293270	292008	292870	292741	38991	293239	146368	291970	287778	292950	292599	292189	292939	292284	289082	292615	234625	293096	285898	292723	292515	292411	293014	255134	293079	291779	292028	292816	292963	293150	293077	293220	292822	262154	282929	292444	285632	284192	289132	292607	260560	291650	290360	283443	291704	215421	287340	280219	290928	281359	290907	288723	0	65	0	0	63	0	0	0	1	1	1	1	0	1	64	1	59	1	66	10	14	1	0	62	64	0	63	1	61	69	63	65	64	0	0	0	66	0	64	1	1	63	1	64	61	64	1	1	0	13	65	66	0	60	65	1	0	66	1	17	20	64	0	1	1	0	6	63	0	61	4	3	64	67	13	1	64	63	64	1	0	12	0	0	0	65	64	63	1	62	0	65	65	0	63	0	1	57	0	1	1	1	65	1	68	4	0	54	51	0	63	1	4	17	65	0	60	3	0	50	63	0	63	63	0	60	1	7	64	23	54	0	60	1	62	63	1	55	0	45	62	3	63	0	62	5	1	64	59	63	64	65	68	1	65	65	0	0	61	1	0	59	60	0	58	0	0	61	38	1	1	56	0	1	1
NC_063225.1	18000001	175225	175085	175000	175034	174888	174549	174625	174407	174590	174640	174745	174903	174346	16070	79220	174575	175055	173521	174719	175082	29325	55575	174794	40215	174768	174740	174671	174424	174944	174806	174238	174613	174968	174934	46675	174733	20343	174638	174706	174851	174549	174726	174697	174342	174916	174649	174755	174393	174150	174535	37927	174679	175047	174185	174480	174363	174851	87783	174522	174287	39874	70090	174845	171175	174353	175053	27238	32248	175069	174352	174852	175101	22559	174852	174955	41461	174957	175092	174693	175066	174145	174502	34896	81012	175035	174671	175021	174989	174432	174994	174980	175110	175054	175059	175106	174965	175101	175019	172954	164285	174578	172694	175056	174649	173660	174968	114529	174596	159878	158649	146198	174104	174387	62002	73169	174378	166389	172823	74090	110298	154043	174844	174597	174216	175060	173777	174881	174610	22421	174997	78938	174224	170730	174858	174719	174225	174600	174465	172524	174580	135399	175014	170184	174781	174418	174765	174881	149707	175064	173598	174541	174915	174943	175075	175015	175096	174875	147204	166987	174464	170117	167077	171650	174553	148240	174061	173186	167164	174323	118369	171006	166482	174011	166329	172738	170468	1	58	1	1	56	0	1	1	0	1	0	0	0	0	58	0	55	0	59	5	11	0	0	58	59	0	58	1	57	55	58	58	59	0	1	0	56	0	58	0	0	59	1	57	56	58	0	1	0	8	58	58	0	55	57	0	0	59	0	10	11	55	0	0	0	0	10	58	0	57	0	8	57	58	11	1	57	58	57	0	1	5	0	1	0	58	58	56	0	58	1	58	58	1	58	1	0	55	0	0	0	0	58	0	59	0	0	50	41	0	58	0	0	19	56	0	55	0	0	43	59	0	58	59	1	58	0	6	59	21	53	0	56	0	57	58	0	52	0	40	57	1	56	0	57	0	2	57	56	57	57	58	58	0	59	59	0	1	59	0	0	58	55	0	53	0	0	56	32	0	0	56	1	0	0
NC_063225.1	19000001	848333	847685	847807	847886	846143	845833	846522	846058	846844	845461	845545	847433	846835	69412	387738	844891	847714	842093	846453	847815	221841	232403	846532	279171	846625	845479	846416	846080	847355	839412	843501	846287	831557	845837	195569	846465	98797	846509	845908	846861	844822	846588	846637	846275	847075	846350	846747	845689	842732	844802	296536	846183	847748	845980	844282	846841	844493	504828	846929	844740	293127	462296	847011	834766	844775	847603	202928	273419	847793	844593	847252	847756	221191	847242	847072	291542	846200	847952	845754	847640	842237	845903	280190	515097	847261	846423	847832	847701	845849	847261	847753	847992	847722	847831	848053	847710	847872	847350	837605	813346	846271	838903	847868	847077	844668	847200	654760	845754	798860	790617	744897	845114	846425	354096	460138	846912	816932	839007	476596	638592	775720	845962	847104	844898	848096	844094	846733	846166	214959	847895	496748	844755	831777	847032	845793	844594	847255	845121	833085	846689	703892	847629	830804	846781	845828	846600	847340	755658	847438	842789	844134	847143	847293	847565	847484	847911	847073	764165	820434	845417	827858	823375	825920	846352	760082	842966	840961	819724	844174	663714	832872	817577	842852	812270	840481	829115	1	752	1	1	730	0	2	2	1	2	1	1	0	1	752	1	702	1	754	176	141	1	1	734	757	1	736	3	738	737	739	736	741	0	2	0	747	1	742	1	1	729	2	745	738	739	1	2	4	166	743	758	0	707	737	1	0	746	2	190	286	735	0	0	1	0	191	745	1	737	0	154	469	742	179	2	749	750	742	1	1	206	2	1	0	758	747	731	1	747	1	749	755	2	756	1	2	675	1	0	1	1	753	1	750	2	0	695	659	1	738	1	0	352	731	8	704	2	0	673	751	0	746	752	1	737	14	173	751	388	712	2	739	2	754	754	15	642	0	592	740	1	753	0	413	1	0	327	716	744	748	737	750	2	753	745	0	0	744	15	1	724	733	1	713	15	11	733	543	5	1	714	1	1	1
NC_063225.1	20000001	664153	661377	661539	661778	637686	657051	659130	658029	660162	659117	659804	578221	661761	122084	435088	656135	662249	651865	659617	661275	406141	347920	660066	429063	659314	658599	658928	658375	660794	631633	521235	659066	405040	629883	335339	659969	203996	659214	658908	659231	656743	659899	658247	657303	660290	658812	658809	658425	512936	657559	421532	659080	661263	656594	645447	657907	365070	455538	661498	655913	405695	472365	661291	625343	659743	662432	358937	438015	661768	661687	661391	662279	406477	661846	661567	409126	660101	662202	657382	660816	450375	659957	411539	433375	659835	660009	661127	661427	657526	661740	660629	662067	661199	661669	662081	655665	661561	661005	651438	652842	661988	646317	662368	659703	656829	659798	581874	659688	637641	568720	641647	662913	659437	480076	592193	660474	641117	657145	517400	585601	647971	660762	660784	660929	663236	656401	661113	660494	472003	662708	535434	660608	635697	661155	660244	649290	661457	660560	627007	661385	592903	662523	653908	662560	661018	661442	661983	610526	661572	658636	657307	659988	661998	662198	661799	662617	661491	565019	658373	661174	659127	652316	625491	659522	645038	659146	659466	643142	661856	589578	654552	657296	660507	542971	660807	645221	855	106	870	844	427	0	747	769	483	869	455	631	107	222	652	496	660	464	598	409	253	494	261	584	660	436	750	849	643	583	653	493	644	169	835	66	264	425	720	474	295	616	821	654	658	632	288	552	423	332	640	666	1	567	703	286	1	659	399	418	402	722	289	134	529	119	399	688	466	651	527	376	623	620	340	706	687	644	652	337	839	416	22	830	387	554	663	692	353	546	871	569	738	745	632	864	347	581	47	508	40	28	749	279	332	687	210	681	594	435	716	467	143	274	588	373	695	223	88	738	762	0	717	769	772	618	549	444	667	513	711	387	615	137	370	604	140	487	296	305	727	726	667	0	871	300	278	350	646	605	739	715	739	508	645	641	436	741	619	538	745	658	646	475	577	267	256	613	623	265	494	644	586	418	364
NC_063225.1	21000001	799816	798610	798901	798803	772698	796155	797747	796654	798290	797526	797578	783086	798756	90775	486106	796549	798724	791325	797762	798858	462575	328536	798079	497665	797339	797162	797907	797041	798197	764153	739322	796474	615700	776675	288264	797383	138419	797417	797254	798046	796669	798033	797159	796823	798041	797097	797709	796255	730325	796422	516935	796920	798606	797128	787909	797469	684060	600972	798427	796248	506699	619841	798368	773638	798004	799034	365125	533161	798769	798154	798401	798932	455881	798634	798439	462938	798002	799141	797237	798739	720143	797432	496130	631933	797905	798167	798970	799053	796439	799046	798815	799085	798779	798845	799110	797058	798845	798796	788072	790002	798447	786548	799064	797269	794683	798336	720531	797090	779437	739664	778952	798644	797153	592464	706981	797733	780039	795674	653621	732260	781359	798113	798441	798504	799473	794801	798217	798186	493472	799259	670815	797184	782396	798437	797694	790003	797920	797525	770654	798049	732379	799136	791909	799238	797936	798081	798650	748701	798915	795965	796117	797853	798641	798780	798674	799179	798116	728935	796056	798061	797867	790301	747515	797677	782023	796000	798592	787518	797822	736566	795312	794817	797521	737863	797229	786065	649	266	652	646	522	0	726	703	236	683	722	681	17	143	570	707	470	562	558	302	229	616	154	541	816	652	723	370	565	552	618	594	615	167	636	100	190	666	581	680	335	682	599	636	555	691	723	643	667	332	723	737	607	526	552	446	132	740	721	280	346	580	780	619	734	228	332	598	380	818	588	347	660	716	252	691	231	797	775	676	563	277	400	452	584	0	586	753	724	623	654	545	778	847	784	646	722	578	588	798	555	743	390	559	668	144	725	16	561	548	16	546	212	521	183	543	750	440	645	781	765	618	588	827	551	634	766	243	686	546	753	161	635	618	379	555	595	507	217	603	581	627	533	305	573	729	710	623	577	560	540	573	548	73	711	563	443	749	626	831	746	575	604	794	685	679	97	633	423	673	766	565	591	717	646
NC_063225.1	22000001	212029	211589	211682	211756	205372	211086	211360	211306	211651	211003	210979	210800	211859	28421	140799	211019	211726	208455	211291	211850	112684	94080	211331	129433	211328	211213	211578	211406	211161	202606	204711	211138	161599	209875	75975	211298	40094	211156	211207	211621	211289	211240	211086	211248	211409	211084	211368	210680	207734	211117	134487	211438	211647	211312	208269	211211	191278	160671	211188	210726	130592	163573	211765	207936	211504	211628	89043	135678	211767	211283	211755	211569	119731	211807	211537	111669	211368	211781	211269	211773	205719	211349	138516	171382	211435	211378	211833	211784	211256	211802	211754	211757	211484	211806	211781	211227	211805	211750	208779	209669	211648	208097	211693	211372	210603	211521	186891	211275	206099	199182	205427	211440	210714	152548	181268	210977	205742	209641	167240	192787	205223	211731	211567	211409	211870	210192	211368	211271	116169	211956	173219	210843	207422	211462	211596	209169	210817	211100	204074	210947	191583	211458	209705	211797	210776	211690	211749	197248	211757	210489	210581	211434	211738	211545	211502	211780	211437	195207	209924	211290	211238	208556	198251	210886	206275	210912	211360	207702	211022	194087	210709	210123	211062	200136	211013	208209	167	118	182	164	129	35	164	179	161	197	153	164	6	87	98	183	177	132	105	81	44	186	4	174	129	164	180	6	113	120	155	68	160	63	114	16	209	207	92	173	215	189	111	209	175	175	176	98	192	81	177	209	161	121	193	149	73	214	182	53	110	177	113	163	176	44	76	112	211	113	129	91	152	214	64	159	134	78	113	59	185	63	104	186	127	3	178	111	146	177	180	0	115	174	187	151	146	141	155	75	186	147	198	132	94	180	200	35	179	202	0	172	115	157	1	191	162	132	145	106	160	200	126	137	125	189	143	83	184	139	126	1	193	162	150	226	137	144	36	172	216	182	188	5	4	178	123	185	108	227	33	96	33	4	211	174	68	204	195	133	213	138	167	96	172	202	33	138	189	204	204	200	171	156	150
